,P1AncestryProportion,P2AncestryProportion,P3AncestryProportion,P4AncestryProportion
0,0.1823013525,0.2827959275,0.2446577055,0.2902450145
1,0.2840052615,0.260834684,0.223971918,0.2311881365
2,0.296031015,0.3120303475,0.134673304,0.2572653335
3,0.2999053395,0.3118252455,0.155870632,0.232398783
4,0.3685604055,0.0996911925,0.2395391285,0.2922092735
5,0.3305461245,0.168649645,0.1761625795,0.324641651
6,0.2771239855,0.287343974,0.2295716085,0.205960432
7,0.318908977,0.2554677575,0.166258325,0.2593649405
8,0.301170328,0.263274765,0.207732758,0.227822149
9,0.2062732225,0.2130589115,0.221452226,0.35921564
10,0.251823723,0.2994399865,0.25722578,0.1915105105
11,0.4122843085,0.180583887,0.167427747,0.2397040575
12,0.1750691975,0.278968799,0.313346442,0.2326155615
13,0.3079028375,0.14451859,0.2312648945,0.316313678
14,0.267596877,0.324857939,0.2277634745,0.1797817095
15,0.4282387755,0.284606641,0.1623106545,0.124843929
16,0.25925553,0.176155485,0.39779135,0.166797635
17,0.2431795815,0.222447886,0.2561651005,0.278207432
18,0.306926018,0.164971055,0.236745793,0.291357134
19,0.36472663,0.2905013205,0.138306848,0.2064652015
20,0.3017585315,0.2542219,0.2154695735,0.228549995
21,0.244052806,0.181465852,0.2690533425,0.3054279995
22,0.2383247935,0.3135018835,0.238927354,0.209245969
23,0.3262907645,0.259641045,0.252393276,0.1616749145
24,0.280190782,0.293657715,0.1735099805,0.2526415225
25,0.2499404045,0.2369732715,0.2133063995,0.2997799245
26,0.2252461575,0.237326947,0.2377818055,0.29964509
27,0.275696634,0.211087241,0.1770320525,0.3361840725
28,0.238764721,0.2405826955,0.2473948115,0.273257772
29,0.368697337,0.129861154,0.1671912085,0.3342503005
30,0.2978121285,0.221000934,0.203653193,0.2775337445
31,0.2689301755,0.2129995215,0.318253815,0.199816488
32,0.336384571,0.2953196155,0.1353504255,0.232945388
33,0.3279126675,0.2478739515,0.157404067,0.266809314
34,0.283012826,0.2289704505,0.2194511515,0.268565572
35,0.3158164895,0.3123802615,0.133542093,0.238261156
36,0.268620316,0.2408196755,0.1709332195,0.319626789
37,0.321957059,0.246083294,0.306419932,0.125539715
38,0.17222568,0.3381327905,0.224452529,0.2651890005
39,0.3051914325,0.2257698185,0.2138414135,0.2551973355
40,0.2439629315,0.321742557,0.2027419175,0.231552594
41,0.2397028645,0.2724119405,0.254849661,0.233035534
42,0.271266049,0.1757900865,0.245682718,0.3072611465
43,0.2912529075,0.2235195215,0.1529575545,0.3322700165
44,0.318786696,0.286236628,0.198493328,0.196483348
45,0.1909843915,0.2253116005,0.2637822325,0.3199217755
46,0.3494197315,0.230408173,0.1568118865,0.263360209
47,0.3992917845,0.198626167,0.168221233,0.2338608155
48,0.3384698625,0.1761754585,0.266885967,0.218468712
49,0.303212084,0.2159207275,0.237007255,0.2438599335
50,0.2946901685,0.283247214,0.2028432545,0.219219363
51,0.2138091745,0.378171814,0.2335814785,0.174437533
52,0.147193923,0.1591189695,0.274650767,0.4190363405
53,0.345946986,0.154996712,0.178487559,0.320568743
54,0.3480866435,0.27842018,0.206570949,0.1669222275
55,0.340960382,0.2592943185,0.198273699,0.2014716005
56,0.3558776345,0.3419450055,0.127082419,0.175094941
57,0.25773883,0.2926922725,0.2417146595,0.207854238
58,0.307914509,0.233484874,0.1650524175,0.2935481995
59,0.2366343875,0.314568397,0.1539635365,0.294833679
60,0.229752205,0.193276719,0.251931183,0.325039893
61,0.292766851,0.172543502,0.164271928,0.370417719
62,0.2646775215,0.2211711995,0.2284713415,0.2856799375
63,0.2242108785,0.39398531,0.154626921,0.2271768905
64,0.242348127,0.3081402175,0.148980714,0.3005309415
65,0.2294162135,0.300898291,0.188540166,0.2811453295
66,0.3508454165,0.257294171,0.266847696,0.1250127165
67,0.335085489,0.203865426,0.1836473605,0.2774017245
68,0.2659785965,0.2492400355,0.2299019585,0.2548794095
69,0.3458222815,0.176886828,0.149908159,0.3273827315
70,0.2530682725,0.328288222,0.167647641,0.2509958645
71,0.219556814,0.1879455505,0.264150173,0.3283474625
72,0.3003237035,0.2413256635,0.236218898,0.222131735
73,0.2212842525,0.370941735,0.2036074915,0.204166521
74,0.3011080675,0.313603222,0.213210359,0.1720783515
75,0.3527617855,0.2292627465,0.185122099,0.232853369
76,0.261443027,0.2464593875,0.2885684495,0.203529136
77,0.3417306505,0.2463360455,0.1642613945,0.2476719095
78,0.269118188,0.107989675,0.2724350945,0.3504570425
79,0.346208486,0.205017009,0.1925437585,0.2562307465
80,0.3058089345,0.2041161405,0.2432737575,0.2468011675
81,0.2866181485,0.1537917545,0.26489288,0.294697217
82,0.2827042575,0.2197952555,0.2042734895,0.2932269975
83,0.250860005,0.334796305,0.158057642,0.256286048
84,0.2884923325,0.2807905345,0.247911745,0.182805388
85,0.2560327385,0.2161970675,0.1237828975,0.4039872965
86,0.2858985875,0.259736478,0.2529328405,0.201432094
87,0.2132624515,0.3556663605,0.195367088,0.2357041
88,0.2585048385,0.3098292515,0.219920117,0.211745793
89,0.343265321,0.1966242815,0.181745687,0.2783647105
90,0.2166826845,0.266120769,0.2324117255,0.284784821
91,0.271786286,0.227651768,0.289178016,0.21138393
92,0.364527446,0.194247623,0.142655116,0.298569815
93,0.1707017945,0.2762395215,0.29804597,0.255012714
94,0.4483066105,0.223842421,0.140683025,0.1871679435
95,0.273284931,0.2631573385,0.195146934,0.2684107965
96,0.276409153,0.180731111,0.32492408,0.217935656
97,0.1497034235,0.473334014,0.191571203,0.1853913595
98,0.239483515,0.3069533015,0.1412435815,0.312319602
99,0.1500600385,0.2556351845,0.2296106635,0.3646941135
100,0.231650964,0.214862437,0.307858598,0.245628001
101,0.3157139375,0.1273344195,0.2661202285,0.2908314145
102,0.278509411,0.228553003,0.2556560375,0.2372815485
103,0.30087549,0.27881556,0.1360926875,0.2842162625
104,0.2994487295,0.328501829,0.1876491895,0.184400252
105,0.3258787365,0.249448377,0.131693021,0.2929798655
106,0.271821862,0.23309701,0.2148775505,0.2802035775
107,0.3175173625,0.260154441,0.170066593,0.2522616035
108,0.299644944,0.238204215,0.2284043395,0.2337465015
109,0.362892058,0.2056011325,0.145711931,0.2857948785
110,0.195069679,0.1993306545,0.22713392,0.3784657465
111,0.2861818025,0.174812583,0.278028825,0.2609767895
112,0.2600423255,0.2234362545,0.187916766,0.328604654
113,0.355870355,0.255338659,0.1746102935,0.2141806925
114,0.214516164,0.1810748725,0.2622614,0.3421475635
115,0.273753889,0.314708809,0.147131844,0.264405458
116,0.144954409,0.258876506,0.2919232375,0.3042458475
117,0.2071498225,0.2636939145,0.21792349,0.311232773
118,0.293380302,0.21060972,0.1833710875,0.3126388905
119,0.3634222615,0.175171858,0.1286072905,0.33279859
120,0.3153861315,0.25159611,0.21146717,0.2215505885
121,0.266961784,0.23479334,0.208749735,0.289495141
122,0.2465118505,0.2361679455,0.2629112265,0.2544089775
123,0.2075408335,0.28869638,0.305210958,0.1985518285
124,0.2971337955,0.2643474595,0.1705243345,0.2679944105
125,0.2022488605,0.323965157,0.200309148,0.2734768345
126,0.238038422,0.2214584695,0.2333953235,0.307107785
127,0.312299051,0.22575822,0.201660381,0.260282348
128,0.2873415945,0.286076869,0.2191653685,0.207416168
129,0.2614523165,0.3275176015,0.1608602405,0.2501698415
130,0.1888744205,0.210638398,0.332575383,0.2679117985
131,0.2222613085,0.2914675375,0.2219796855,0.2642914685
132,0.4007946215,0.2182890595,0.148215768,0.232700551
133,0.287324658,0.174128886,0.2862593665,0.2522870895
134,0.2486778945,0.17112626,0.2033436975,0.376852148
135,0.282469845,0.2681363535,0.2383445195,0.211049282
136,0.2606531435,0.1429018965,0.2729122175,0.3235327425
137,0.22027289,0.2844878765,0.1257232915,0.369515942
138,0.344965337,0.216547826,0.176493553,0.261993284
139,0.2121912995,0.258571719,0.210894906,0.3183420755
140,0.301500251,0.300907789,0.1362529165,0.2613390435
141,0.2494468025,0.215406746,0.2358873985,0.299259053
142,0.30862859,0.2329210225,0.157707908,0.3007424795
143,0.239390126,0.3061931005,0.2169296605,0.237487113
144,0.283763816,0.1885366085,0.220268675,0.3074309005
145,0.267447143,0.270697979,0.1686416085,0.2932132695
146,0.310488809,0.1846683065,0.2333773975,0.271465487
147,0.2471637295,0.2261860855,0.2768857035,0.2497644815
148,0.254562263,0.1945112015,0.227677879,0.3232486565
149,0.163051229,0.337499249,0.2505580585,0.2488914635
150,0.383718681,0.2318703565,0.201485477,0.1829254855
151,0.2917771945,0.2197455065,0.1639865865,0.3244907125
152,0.3145933315,0.236066295,0.1431337525,0.306206621
153,0.307626549,0.2371374575,0.177942297,0.2772936965
154,0.313302683,0.296338916,0.247061944,0.143296457
155,0.2714388065,0.238552854,0.219527799,0.2704805405
156,0.310906567,0.233564717,0.1199027095,0.3356260065
157,0.265891196,0.2401662145,0.2244647945,0.269477795
158,0.226590444,0.249574834,0.2142862125,0.3095485095
159,0.2936280425,0.3179241575,0.1864596105,0.2019881895
160,0.206372731,0.2019569775,0.25637502,0.3352952715
161,0.2119229955,0.2586931205,0.1787965285,0.3505873555
162,0.3599872085,0.1644891165,0.1952142945,0.2803093805
163,0.3053081295,0.250291968,0.230907985,0.2134919175
164,0.251032834,0.2579110115,0.222849839,0.2682063155
165,0.2099586245,0.3316455825,0.151688787,0.306707006
166,0.273525339,0.3727792575,0.1975762865,0.156119117
167,0.304481986,0.2460353095,0.1604846045,0.2889981
168,0.324476772,0.266117618,0.165937791,0.243467819
169,0.4156524175,0.199626943,0.1004301255,0.284290514
170,0.3696333185,0.2109778915,0.203855376,0.215533414
171,0.3291476655,0.233140195,0.2271794925,0.210532647
172,0.2753058925,0.229586166,0.158226629,0.3368813125
173,0.3318211135,0.2116399975,0.1548490365,0.3016898525
174,0.297009448,0.195369086,0.2117200455,0.2959014205
175,0.2288535095,0.2320857265,0.166370886,0.372689878
176,0.304325995,0.1872301725,0.2126809895,0.295762843
177,0.1942649285,0.215709901,0.3887777155,0.201247455
178,0.2629227665,0.1803488675,0.2842306165,0.2724977495
179,0.3200534395,0.210185452,0.1984515225,0.271309586
180,0.363328198,0.2426341645,0.1604520385,0.233585599
181,0.2762766825,0.300123512,0.2639996035,0.159600202
182,0.194533578,0.4051260375,0.142567762,0.2577726225
183,0.3104605455,0.1875413555,0.193590501,0.308407598
184,0.336942036,0.1287485745,0.282508889,0.2518005005
185,0.2214269625,0.267721283,0.117906987,0.3929447675
186,0.3778529215,0.2073481855,0.1823998735,0.2323990195
187,0.3075108675,0.18551755,0.229585812,0.2773857705
188,0.3136399425,0.227670604,0.286112553,0.1725769005
189,0.241830059,0.2491182575,0.2958002355,0.213251448
190,0.323967232,0.1838108925,0.214347247,0.2778746285
191,0.301270762,0.2539871915,0.1874514485,0.257290598
192,0.2584787735,0.1933903165,0.2300932615,0.3180376485
193,0.304333957,0.277991582,0.2713600865,0.1463143745
194,0.290843003,0.290862333,0.1679200615,0.2503746025
195,0.2315267235,0.2416237625,0.204631919,0.322217595
196,0.1786811845,0.3053020625,0.3369629435,0.1790538095
197,0.283423885,0.177527693,0.2212874445,0.3177609775
198,0.3049734955,0.2058846125,0.33253224,0.156609652
199,0.289302576,0.1943034375,0.3096081415,0.206785845
200,0.2302618595,0.1627553125,0.266011841,0.340970987
201,0.2994348755,0.28659376,0.194733976,0.2192373885
202,0.412707193,0.1801714755,0.203875754,0.2032455775
203,0.231786505,0.218832546,0.223486227,0.325894722
204,0.308156373,0.268983021,0.232917109,0.189943497
205,0.419897121,0.301125323,0.1204982785,0.1584792775
206,0.259053686,0.2921852385,0.2861756645,0.162585411
207,0.2158990625,0.199060659,0.3061366975,0.278903581
208,0.223076789,0.2268950915,0.2450165115,0.305011608
209,0.2923122135,0.259088199,0.18386465,0.2647349375
210,0.2451152035,0.188434392,0.3310584605,0.235391944
211,0.260961597,0.2174308585,0.2934050485,0.228202496
212,0.2799952615,0.221266116,0.2497437645,0.248994858
213,0.4113913035,0.1683979705,0.210681612,0.209529114
214,0.3034643615,0.2083568715,0.1860723755,0.3021063915
215,0.299245366,0.1746627815,0.328724441,0.1973674115
216,0.220574828,0.2953403315,0.2042100305,0.27987481
217,0.2339163105,0.2512175405,0.1993450385,0.3155211105
218,0.2838328925,0.2251868405,0.2215902595,0.2693900075
219,0.3135600665,0.177509389,0.237493578,0.2714369665
220,0.329718485,0.229876064,0.1543931695,0.2860122815
221,0.271407034,0.2645513845,0.208656834,0.2553847475
222,0.311990445,0.1740771765,0.293245774,0.2206866045
223,0.1385188235,0.24366403,0.26089801,0.3569191365
224,0.2756990205,0.272566328,0.245474934,0.2062597175
225,0.3126200465,0.208764862,0.3160920325,0.162523059
226,0.316200215,0.2613261475,0.2560346835,0.166438954
227,0.2961176425,0.287230227,0.1678401095,0.248812021
228,0.29335694,0.245958859,0.2163467015,0.2443374995
229,0.218817718,0.2199036165,0.2463411905,0.314937475
230,0.262027426,0.3797420355,0.1532570255,0.204973513
231,0.2064155525,0.2086426705,0.1904461985,0.3944955785
232,0.269139444,0.2533866005,0.1869963,0.2904776555
233,0.3964628255,0.253919198,0.1313829585,0.218235018
234,0.2266102685,0.295819069,0.238314152,0.2392565105
235,0.3247166975,0.1376025355,0.323224015,0.214456752
236,0.290465094,0.252568262,0.156703226,0.300263418
237,0.3205469005,0.248660865,0.1585735425,0.272218692
238,0.2730328255,0.2427964325,0.2069732225,0.2771975195
239,0.3563397685,0.2124281215,0.2194588715,0.2117732385
240,0.359054694,0.2799511235,0.1163376495,0.244656533
241,0.3201265115,0.186244286,0.164359208,0.3292699945
242,0.257424232,0.2145992085,0.1567232795,0.37125328
243,0.2504624185,0.220828884,0.2663756205,0.262333077
244,0.355138626,0.17526302,0.2062178535,0.2633805005
245,0.2496786755,0.343870205,0.1387424475,0.267708672
246,0.2732855205,0.2438953775,0.245099552,0.23771955
247,0.3041125655,0.2289497805,0.23593959,0.230998064
248,0.320860569,0.2714200545,0.155083419,0.2526359575
249,0.2735684385,0.2017909775,0.2682853835,0.2563552005
250,0.355022654,0.109267213,0.2243704475,0.3113396855
251,0.171502922,0.25241794,0.246361086,0.329718052
252,0.3088393395,0.2025692375,0.2790195135,0.2095719095
253,0.266940541,0.18411115,0.260273862,0.288674447
254,0.233755507,0.2147746325,0.319744952,0.2317249085
255,0.292854913,0.3147652205,0.1465480735,0.245831793
256,0.34809783,0.206438731,0.206212109,0.23925133
257,0.341647545,0.228869946,0.174090588,0.255391921
258,0.307663915,0.175185298,0.231407763,0.285743024
259,0.3039896365,0.23383598,0.2408305275,0.221343856
260,0.378869712,0.208263547,0.155620441,0.2572463
261,0.200045475,0.1442766995,0.262222535,0.3934552905
262,0.2555556095,0.2635406315,0.2267632695,0.2541404895
263,0.25647654,0.1718255995,0.3119114855,0.259786375
264,0.249334595,0.250134783,0.2474834815,0.2530471405
265,0.293960593,0.1264565745,0.2784471915,0.301135641
266,0.3127317895,0.3108791945,0.105512747,0.270876269
267,0.3023067715,0.25991125,0.2442540875,0.193527891
268,0.129444545,0.195232694,0.4278562505,0.2474665105
269,0.2791081115,0.273382932,0.2237256905,0.223783266
270,0.3116504545,0.2746570825,0.204045017,0.209647446
271,0.2937078485,0.282977648,0.138029704,0.2852847995
272,0.180193517,0.177919783,0.2893052215,0.3525814785
273,0.2076642625,0.2598919355,0.245238721,0.287205081
274,0.2596215995,0.248524184,0.1887701315,0.303084085
275,0.270490526,0.258373632,0.2464242685,0.2247115735
276,0.3642485085,0.1613744235,0.2539693965,0.2204076715
277,0.25115724,0.171173396,0.31440072,0.263268644
278,0.3093677205,0.293134098,0.164076279,0.2334219025
279,0.269645315,0.2196677975,0.2331013035,0.277585584
280,0.1660040355,0.2916402065,0.2911402475,0.2512155105
281,0.179236885,0.2042733105,0.282029459,0.3344603455
282,0.202560446,0.2420215095,0.2825144055,0.272903639
283,0.24194196,0.2339745185,0.2628699235,0.261213598
284,0.194080201,0.407262295,0.200508759,0.198148745
285,0.346930777,0.181732059,0.156856719,0.314480445
286,0.3494309705,0.23747611,0.2064505565,0.206642363
287,0.225826059,0.328140054,0.171750067,0.27428382
288,0.3087976955,0.2284253575,0.168255461,0.294521486
289,0.283391692,0.235100047,0.1506910615,0.3308171995
290,0.248567184,0.151960386,0.3027516295,0.2967208005
291,0.1881138675,0.2409505395,0.2799499745,0.2909856185
292,0.249312611,0.226749936,0.194934211,0.329003242
293,0.263192302,0.204029981,0.244198415,0.288579302
294,0.267213898,0.2613525945,0.205671377,0.2657621305
295,0.3161489855,0.314153723,0.214068704,0.1556285875
296,0.2081612665,0.3082026265,0.2216226435,0.2620134635
297,0.3141120295,0.3162841535,0.1767418295,0.1928619875
298,0.2451632845,0.224310048,0.1709591155,0.359567552
299,0.1548583475,0.1912330785,0.365586723,0.288321851
300,0.392203111,0.1871051075,0.0951675895,0.325524192
301,0.184415556,0.284498802,0.218340345,0.312745297
302,0.207114569,0.2886855965,0.1860977795,0.318102055
303,0.1984441795,0.2737471415,0.2671359155,0.2606727635
304,0.2806593475,0.23478498,0.2390453,0.2455103725
305,0.2223240645,0.1463733545,0.265847472,0.365455109
306,0.300737792,0.2240990165,0.253459855,0.2217033365
307,0.2666766605,0.270109016,0.2010772785,0.262137045
308,0.3267850005,0.2360028285,0.209438706,0.227773465
309,0.291993085,0.2422590825,0.1758487645,0.289899068
310,0.158269659,0.257565632,0.2404452455,0.3437194635
311,0.2596787135,0.266081065,0.2255911865,0.248649035
312,0.2735223385,0.1457774115,0.2017825805,0.3789176695
313,0.3612709795,0.1908115565,0.195970974,0.25194649
314,0.2845714245,0.2648592375,0.22294671,0.227622628
315,0.226208808,0.1968325135,0.2948220755,0.282136603
316,0.186669246,0.259804548,0.2358880435,0.3176381625
317,0.227226,0.1973185085,0.244074611,0.3313808805
318,0.335364923,0.2109715025,0.2327635625,0.220900012
319,0.094754791,0.247153505,0.354602622,0.303489082
320,0.280642217,0.251226896,0.217019839,0.251111048
321,0.208350649,0.272715951,0.1976281695,0.3213052305
322,0.202629416,0.197704781,0.3166634305,0.2830023725
323,0.3143064715,0.207668599,0.2184654525,0.259559477
324,0.14821021,0.3146318745,0.2104959895,0.326661926
325,0.2730586625,0.2022469935,0.2685067055,0.2561876385
326,0.187533461,0.267841893,0.247316648,0.297307998
327,0.274861347,0.181102275,0.2036562085,0.3403801695
328,0.283803965,0.2693864525,0.244026794,0.2027827885
329,0.358314149,0.240811122,0.1938350085,0.2070397205
330,0.364651672,0.2315821215,0.149414492,0.2543517145
331,0.324803906,0.2555164905,0.219078197,0.2006014065
332,0.208392573,0.308894204,0.282299192,0.200414031
333,0.18444125,0.350554293,0.252878332,0.212126125
334,0.2116923755,0.2912371275,0.222947898,0.274122599
335,0.2794200855,0.262245239,0.1828807125,0.275453963
336,0.335158337,0.159307135,0.2887515145,0.2167830135
337,0.2592253415,0.165784068,0.249307062,0.3256835285
338,0.266372682,0.3476983425,0.149834305,0.2360946705
339,0.4184356625,0.26024255,0.1248015285,0.196520259
340,0.324856729,0.2138149195,0.215230578,0.2460977735
341,0.2490203725,0.272622053,0.231927239,0.2464303355
342,0.1919792645,0.2846633725,0.2227825495,0.3005748135
343,0.2389573045,0.2025341145,0.275145008,0.283363573
344,0.29128405,0.1698118345,0.351448361,0.1874557545
345,0.2217786705,0.2038942295,0.1574685265,0.4168585735
346,0.285291106,0.3600726345,0.160933554,0.1937027055
347,0.252282006,0.280408689,0.2358504585,0.2314588465
348,0.2543680415,0.230438917,0.211409975,0.3037830665
349,0.2554910335,0.3325146205,0.2232673215,0.1887270245
350,0.29223008,0.188279845,0.1978354605,0.3216546145
351,0.3446821735,0.201378471,0.146588088,0.3073512675
352,0.2896639415,0.2387737215,0.2031829925,0.2683793445
353,0.3789873015,0.2857175345,0.1628286305,0.1724665335
354,0.2229546315,0.2416501905,0.264434238,0.27096094
355,0.2748983215,0.317731688,0.150584875,0.2567851155
356,0.258230859,0.232197092,0.2845156815,0.2250563675
357,0.203760546,0.258161763,0.2106054225,0.3274722685
358,0.2799528835,0.205077776,0.214640215,0.3003291255
359,0.3491162035,0.203944907,0.21531486,0.2316240295
360,0.2766395025,0.2392296365,0.2040464455,0.2800844155
361,0.245608866,0.341444295,0.1727659535,0.2401808855
362,0.2847698445,0.19965091,0.171707768,0.3438714775
363,0.1944628475,0.1817393645,0.3071505585,0.3166472295
364,0.305852077,0.172063004,0.3222044015,0.1998805175
365,0.3201239705,0.2150213215,0.1595990875,0.3052556205
366,0.2361444625,0.1875183325,0.195179112,0.381158093
367,0.2042498465,0.3608429885,0.2102409135,0.2246662515
368,0.2910758915,0.250526449,0.1586466105,0.299751049
369,0.338947883,0.199926805,0.227403766,0.233721546
370,0.198499099,0.273636085,0.250454802,0.277410014
371,0.204624861,0.2189403665,0.2471283045,0.329306468
372,0.213927551,0.3216778975,0.166817711,0.2975768405
373,0.238587502,0.1741272715,0.206494955,0.3807902715
374,0.2951747695,0.2968943415,0.201149182,0.206781707
375,0.200966348,0.225335489,0.1960876725,0.3776104905
376,0.2900995775,0.21335874,0.233621122,0.2629205605
377,0.2920283765,0.280910334,0.239978422,0.1870828675
378,0.253794659,0.126862009,0.2885363725,0.3308069595
379,0.289532034,0.273870875,0.218690738,0.217906353
380,0.3080891535,0.2591728475,0.1355079675,0.2972300315
381,0.24108207,0.262047485,0.2579673045,0.2389031405
382,0.266082278,0.2551661515,0.2157614865,0.262990084
383,0.2998033075,0.218063186,0.232488801,0.2496447055
384,0.376742218,0.2513970875,0.1825120555,0.189348639
385,0.259514405,0.3525932875,0.1791577905,0.208734517
386,0.197209933,0.311376734,0.2267579295,0.2646554035
387,0.3902033585,0.2644097135,0.126073404,0.219313524
388,0.2846427395,0.228567668,0.237430461,0.2493591315
389,0.211716665,0.31002971,0.2335777755,0.2446758495
390,0.2459485135,0.3154955685,0.2210940435,0.2174618745
391,0.254509292,0.2678439885,0.241984359,0.2356623605
392,0.2949934375,0.246702003,0.216592087,0.2417124725
393,0.284637287,0.3216088775,0.1783049275,0.215448908
394,0.2099474685,0.2601524165,0.261367603,0.268532512
395,0.2153975135,0.309641919,0.1932875355,0.281673032
396,0.221944442,0.223497273,0.2894897715,0.2650685135
397,0.264330935,0.180401997,0.201130371,0.354136697
398,0.2768948845,0.2188735735,0.2367142755,0.2675172665
399,0.336930287,0.2088630555,0.2419140105,0.212292647
400,0.307124626,0.1539408225,0.230018474,0.3089160775
401,0.309992961,0.230175599,0.168572601,0.291258839
402,0.330130373,0.224623886,0.1617268355,0.2835189055
403,0.206162925,0.3737759005,0.1670332025,0.253027972
404,0.2557934995,0.374566028,0.1347844235,0.234856049
405,0.201661783,0.2747719545,0.2264718775,0.297094385
406,0.1760084155,0.27751651,0.3851610335,0.161314041
407,0.246691741,0.1770041285,0.310737545,0.2655665855
408,0.3688284745,0.189352695,0.192123932,0.2496948985
409,0.246206518,0.1909121125,0.262254958,0.3006264115
410,0.25381865,0.312598866,0.227496856,0.206085628
411,0.305891247,0.228889265,0.255513718,0.20970577
412,0.2620378565,0.3059922845,0.183108818,0.248861041
413,0.261860952,0.303486142,0.1850195695,0.2496333365
414,0.192661964,0.304797995,0.252481577,0.250058464
415,0.1915995535,0.264823798,0.2030592085,0.34051744
416,0.366475524,0.150524819,0.209066186,0.273933471
417,0.1975476205,0.258195122,0.219527979,0.3247292785
418,0.296798652,0.1286751205,0.306968107,0.2675581205
419,0.210328188,0.271593823,0.2446069635,0.2734710255
420,0.3527319395,0.222356726,0.236435357,0.1884759775
421,0.254835684,0.3163419805,0.24997231,0.1788500255
422,0.322313849,0.192847976,0.255755675,0.2290825
423,0.301741116,0.281331688,0.2654667505,0.1514604455
424,0.157834355,0.242641841,0.2485703285,0.3509534755
425,0.3730860065,0.2576357485,0.171161144,0.198117101
426,0.2930979815,0.3394200905,0.1630239095,0.2044580185
427,0.340058335,0.203416623,0.2187059545,0.2378190875
428,0.290105974,0.216722271,0.2055837585,0.2875879965
429,0.3700555585,0.2052802285,0.168313628,0.256350585
430,0.238009723,0.351897013,0.1066678845,0.3034253795
431,0.335897276,0.2106195015,0.180596662,0.2728865605
432,0.2075772835,0.3039875385,0.226857226,0.261577952
433,0.2856457345,0.2509709395,0.2349949815,0.2283883445
434,0.2634169975,0.2931366195,0.224487052,0.218959331
435,0.2787686655,0.216140517,0.1968720505,0.308218767
436,0.299386333,0.260874472,0.2490885635,0.1906506315
437,0.242713778,0.2943303285,0.244239535,0.2187163585
438,0.332047198,0.1494633635,0.2310673335,0.287422105
439,0.310918171,0.2991250245,0.1270086885,0.262948116
440,0.2711835525,0.2346070365,0.218253646,0.275955765
441,0.2805065555,0.1994783855,0.343120882,0.176894177
442,0.3486106315,0.180882627,0.2180293345,0.252477407
443,0.300153933,0.2362343665,0.327023469,0.1365882315
444,0.2540540205,0.2591826415,0.298281614,0.188481724
445,0.27617797,0.296213089,0.2547974255,0.1728115155
446,0.2694980245,0.198905222,0.195754241,0.3358425125
447,0.2956591345,0.2075231855,0.196521432,0.300296248
448,0.2896471075,0.16735743,0.211105716,0.3318897465
449,0.276255857,0.262529832,0.217381468,0.243832843
450,0.329066286,0.254269844,0.1962877965,0.2203760735
451,0.226780476,0.3676252065,0.2308005525,0.174793765
452,0.2984429665,0.2266718425,0.266479479,0.208405712
453,0.386639846,0.191424592,0.2248533095,0.1970822525
454,0.323312089,0.149176001,0.2701288375,0.2573830725
455,0.269172297,0.236053959,0.285047521,0.209726223
456,0.325599641,0.2671258955,0.171114755,0.2361597085
457,0.2970000045,0.283388961,0.1412945495,0.278316485
458,0.2221074905,0.1714167755,0.361984733,0.244491001
459,0.334551126,0.21721493,0.2481566845,0.2000772595
460,0.2969228715,0.1922729605,0.2502970715,0.2605070965
461,0.367024704,0.239582697,0.170516854,0.222875745
462,0.3976378055,0.2192017465,0.194863369,0.188297079
463,0.2164694885,0.201842392,0.256204379,0.3254837405
464,0.3321197165,0.236422106,0.1931578015,0.238300376
465,0.2745553585,0.2583617275,0.2830911445,0.1839917695
466,0.2618559525,0.2965253055,0.146686474,0.294932268
467,0.2340567565,0.159660281,0.22971011,0.3765728525
468,0.185210915,0.2939858965,0.2003826775,0.320420511
469,0.328700569,0.2311512365,0.17345669,0.2666915045
470,0.407529554,0.2416109465,0.1739822465,0.176877253
471,0.356512934,0.275420208,0.180746587,0.187320271
472,0.3357661515,0.152547567,0.1989394775,0.312746804
473,0.318061502,0.2546248125,0.1575223985,0.269791287
474,0.260247539,0.2418412575,0.216728359,0.2811828445
475,0.2421077265,0.231795052,0.2058504585,0.320246763
476,0.3000781815,0.274315354,0.2131426765,0.212463788
477,0.2558703275,0.124349764,0.3084180245,0.311361884
478,0.215194708,0.1786769285,0.251259588,0.3548687755
479,0.2353000565,0.3359568585,0.200706326,0.228036759
480,0.2254006025,0.334384839,0.1735582905,0.266656268
481,0.3315482025,0.2100693735,0.3112620965,0.1471203275
482,0.2502113645,0.369049928,0.1680262965,0.212712411
483,0.2358953535,0.216388028,0.2856790745,0.262037544
484,0.2572490015,0.2947354145,0.2009840435,0.2470315405
485,0.258662768,0.272331888,0.226158626,0.242846718
486,0.2505206555,0.197216159,0.3236548885,0.228608297
487,0.163822456,0.2064146185,0.1826075395,0.447155386
488,0.356801182,0.226731378,0.159947372,0.256520068
489,0.3141253085,0.229846634,0.266807528,0.1892205295
490,0.2271136445,0.212710287,0.2860625295,0.274113539
491,0.3141741815,0.165850749,0.1505446815,0.369430388
492,0.273773927,0.3052310115,0.1820325865,0.238962475
493,0.309385096,0.223860124,0.123765308,0.342989472
494,0.2455186835,0.3245359715,0.1797802545,0.2501650905
495,0.1919022715,0.2491998835,0.28793392,0.270963925
496,0.2031847345,0.3227439855,0.259269038,0.214802242
497,0.323802912,0.2141133875,0.278583823,0.1834998775
498,0.2677720515,0.2683598785,0.1903916425,0.2734764275
499,0.3465304765,0.251140284,0.1902098755,0.212119364
500,0.105195653,0.5001490305,0.1768211025,0.217834214
501,0.230190158,0.335810283,0.223363813,0.210635746
502,0.256612807,0.2395020775,0.2462623945,0.257622721
503,0.226366159,0.2114192365,0.2194135545,0.34280105
504,0.232146971,0.3063688,0.1973810135,0.2641032155
505,0.304261079,0.2589467475,0.221969896,0.2148222775
506,0.2853762865,0.3560528805,0.183435535,0.175135298
507,0.3778661025,0.170429554,0.2496283745,0.202075969
508,0.230848819,0.2696590985,0.315746399,0.1837456835
509,0.2911892145,0.2001940115,0.179478993,0.329137781
510,0.2240462475,0.254450344,0.321488055,0.2000153535
511,0.243242125,0.175076976,0.315355762,0.266325137
512,0.26859967,0.208261109,0.1941651315,0.3289740895
513,0.306682704,0.206259552,0.244134004,0.24292374
514,0.2759511055,0.1981629555,0.1666993585,0.3591865805
515,0.311860385,0.132159575,0.2359522385,0.3200278015
516,0.2925955625,0.2685529695,0.212530634,0.226320834
517,0.207101326,0.2287100385,0.2292782915,0.334910344
518,0.2267296075,0.2292595435,0.208002221,0.336008628
519,0.2722272255,0.1652100985,0.2479923845,0.3145702915
520,0.397661111,0.18661424,0.188535776,0.227188873
521,0.2041775255,0.3616701355,0.198750667,0.235401672
522,0.4164170425,0.1911749325,0.168643721,0.223764304
523,0.329111553,0.2565695485,0.1887549025,0.225563996
524,0.1820718865,0.2130758675,0.3133782755,0.2914739705
525,0.3416006395,0.2090575165,0.262699391,0.186642453
526,0.4514760405,0.201640729,0.14615016,0.2007330705
527,0.2742034355,0.2618362025,0.1631014855,0.3008588765
528,0.318763045,0.3345277715,0.168908219,0.1778009645
529,0.291784113,0.2781290435,0.1936587705,0.236428073
530,0.292298574,0.184421763,0.285234403,0.23804526
531,0.388428431,0.126552015,0.1837846745,0.3012348795
532,0.235642702,0.269792081,0.2734212235,0.2211439935
533,0.314042973,0.2472866405,0.2276648565,0.21100553
534,0.2998187935,0.234992492,0.2356977635,0.229490951
535,0.287139655,0.3200751405,0.17748926,0.2152959445
536,0.3984810315,0.1633371545,0.2239644565,0.2142173575
537,0.276314388,0.237790739,0.300349621,0.185545252
538,0.299941172,0.16665169,0.23695869,0.296448448
539,0.2680122675,0.3251271835,0.160587492,0.246273057
540,0.203335789,0.257309684,0.210008664,0.329345863
541,0.30651728,0.2270718635,0.1773350885,0.289075768
542,0.356378266,0.2175440245,0.1810787525,0.244998957
543,0.2290771805,0.352212813,0.205848964,0.2128610425
544,0.241473046,0.254906322,0.2253036295,0.2783170025
545,0.3630877425,0.323390279,0.1044082745,0.209113704
546,0.372598992,0.159342047,0.2540188685,0.2140400925
547,0.2442752435,0.289943649,0.245385247,0.2203958605
548,0.365299885,0.181748397,0.1433535635,0.3095981545
549,0.246157212,0.2089087175,0.1697481875,0.375185883
550,0.299932701,0.2350400805,0.223322421,0.2417047975
551,0.206613127,0.1618722165,0.343206946,0.2883077105
552,0.394350743,0.1409867185,0.2765751865,0.188087352
553,0.1847912135,0.3653297355,0.303361579,0.146517472
554,0.1692483965,0.305282069,0.1899512075,0.335518327
555,0.320178918,0.170086408,0.21956367,0.290171004
556,0.4140363775,0.1554272405,0.193693831,0.236842551
557,0.393275854,0.165554342,0.1704059285,0.2707638755
558,0.361569232,0.310347142,0.197728031,0.130355595
559,0.305831277,0.1591003805,0.2419062045,0.293162138
560,0.24280745,0.206792756,0.246599229,0.303800565
561,0.271492083,0.2592706425,0.1732891705,0.295948104
562,0.2977683185,0.232000148,0.162557675,0.3076738585
563,0.2604139135,0.19571948,0.1714854775,0.372381129
564,0.3184749965,0.2448660515,0.137973326,0.298685626
565,0.2439069385,0.2626505665,0.3074263495,0.1860161455
566,0.137789721,0.2917983155,0.1988849775,0.371526986
567,0.1970112475,0.235732714,0.2605461635,0.306709875
568,0.3395637455,0.1747896145,0.1827781085,0.3028685315
569,0.2767923125,0.223410533,0.2536530375,0.246144117
570,0.3211663535,0.155635781,0.340010131,0.1831877345
571,0.2912317555,0.3676024375,0.2269357165,0.1142300905
572,0.1914473105,0.2494231535,0.1917411925,0.3673883435
573,0.263023899,0.3425422315,0.1712991755,0.223134694
574,0.30651134,0.147114803,0.2703194045,0.2760544525
575,0.2888886835,0.2063267405,0.096942063,0.407842513
576,0.2173799905,0.2823778655,0.1977665615,0.3024755825
577,0.268572361,0.2395939415,0.191021234,0.3008124635
578,0.3072938315,0.3112168735,0.2299595935,0.1515297015
579,0.291062092,0.35975976,0.151282907,0.197895241
580,0.3606301945,0.1589924885,0.235384899,0.244992418
581,0.281698175,0.177462933,0.267723216,0.273115676
582,0.251992698,0.160092739,0.246552628,0.341361935
583,0.3501374345,0.2446261965,0.21602811,0.189208259
584,0.3447273995,0.2752028305,0.1866241345,0.1934456355
585,0.1981539245,0.286440042,0.23545577,0.2799502635
586,0.200225593,0.349451264,0.2009832715,0.2493398715
587,0.327543757,0.184276105,0.1566087255,0.3315714125
588,0.283769975,0.219932963,0.22936596,0.266931102
589,0.355725721,0.2680438985,0.125729658,0.2505007225
590,0.22336147,0.203435081,0.291888384,0.281315065
591,0.324757623,0.225578631,0.217219179,0.232444567
592,0.1772497455,0.235599114,0.2872074155,0.299943725
593,0.1776581115,0.333919569,0.320632002,0.1677903175
594,0.3775714665,0.142973073,0.2230532605,0.2564022
595,0.265768672,0.18063536,0.2415169715,0.3120789965
596,0.2303722515,0.1997549845,0.287080987,0.282791777
597,0.3075458385,0.1559139095,0.3260707455,0.2104695065
598,0.2388000205,0.370100706,0.2007462695,0.190353004
599,0.237881537,0.246011235,0.30669608,0.209411148
600,0.3137984155,0.2174393415,0.2500799195,0.2186823235
601,0.3521966805,0.194888651,0.2398146005,0.213100068
602,0.189678785,0.2375172725,0.194210143,0.3785937995
603,0.271424083,0.2988591345,0.164859423,0.2648573595
604,0.2653944205,0.189087657,0.2378664265,0.307651496
605,0.197068338,0.221485314,0.262895334,0.318551014
606,0.31222577,0.1946463805,0.265584615,0.2275432345
607,0.3797783005,0.2248751435,0.2609329195,0.1344136365
608,0.264593053,0.2117091595,0.152621988,0.3710757995
609,0.1964296325,0.2546730875,0.3707390735,0.1781582065
610,0.2332054735,0.253558872,0.202761035,0.3104746195
611,0.3692381935,0.2380878615,0.1639537545,0.2287201905
612,0.26553645,0.232881931,0.312516377,0.189065242
613,0.2164077995,0.1719822815,0.264764387,0.346845532
614,0.222665371,0.322235905,0.235811366,0.219287358
615,0.2169533,0.202286718,0.2326275055,0.3481324765
616,0.210800562,0.2507249035,0.2730975795,0.265376955
617,0.3688701315,0.2121817245,0.200868735,0.218079409
618,0.2380456265,0.2155853725,0.2289830415,0.3173859595
619,0.2324841915,0.2194193305,0.2112024055,0.3368940725
620,0.2857777685,0.3031107575,0.188749632,0.222361842
621,0.315799164,0.235409748,0.26750281,0.181288278
622,0.3510089475,0.3216152565,0.09680568,0.230570116
623,0.285592363,0.261984179,0.2409432345,0.2114802235
624,0.3205258475,0.25875683,0.1800263945,0.240690928
625,0.383995167,0.313649564,0.121637299,0.18071797
626,0.2610245485,0.3352398405,0.1786912005,0.2250444105
627,0.317035219,0.2470623505,0.149618705,0.2862837255
628,0.2922038565,0.2138222805,0.212799512,0.281174351
629,0.21118666,0.2236209595,0.2780026275,0.287189753
630,0.2461714555,0.318855753,0.263789824,0.1711829675
631,0.252633486,0.2702477535,0.2714647695,0.205653991
632,0.2906559205,0.193450989,0.291709113,0.2241839775
633,0.286059397,0.233124247,0.241915537,0.238900819
634,0.259469889,0.327591499,0.195141409,0.217797203
635,0.2670985945,0.2006276055,0.309221046,0.223052754
636,0.272326121,0.2609371655,0.1267268185,0.340009895
637,0.251046256,0.1615981095,0.240708481,0.3466471535
638,0.2200013955,0.320733211,0.2117540175,0.247511376
639,0.254491476,0.283334578,0.180779235,0.281394711
640,0.228309999,0.433458591,0.204298029,0.133933381
641,0.18833182,0.4369491095,0.192825876,0.1818931945
642,0.336937468,0.2132441855,0.2397161405,0.210102206
643,0.2832135735,0.1504152815,0.2630984665,0.3032726785
644,0.264935961,0.395478013,0.175501492,0.164084534
645,0.313732289,0.370561717,0.155723199,0.159982795
646,0.2941409275,0.260757894,0.1875501525,0.257551026
647,0.3650943125,0.197388834,0.2303711605,0.207145693
648,0.2662823525,0.277409774,0.187530606,0.2687772675
649,0.1870391715,0.2653285145,0.228799916,0.318832398
650,0.343979154,0.217204533,0.184015573,0.25480074
651,0.22516498,0.2347756845,0.218195126,0.3218642095
652,0.2422972485,0.263463036,0.1485558935,0.345683822
653,0.412350403,0.223196648,0.1134559145,0.2509970345
654,0.245665298,0.2464153885,0.205170271,0.3027490425
655,0.2796651595,0.266887427,0.236874791,0.2165726225
656,0.316936773,0.238487145,0.1925808075,0.2519952745
657,0.1395487305,0.246405253,0.2558155485,0.358230468
658,0.3126616615,0.2873442705,0.210986555,0.189007513
659,0.2696860995,0.1864706145,0.246446366,0.29739692
660,0.2837538375,0.1679535865,0.2383964555,0.3098961205
661,0.150123278,0.2371409055,0.3646158585,0.248119958
662,0.30647191,0.272396936,0.1411984565,0.2799326975
663,0.3066956865,0.3601392615,0.1267527195,0.2064123325
664,0.2943765295,0.2828471155,0.197318088,0.225458267
665,0.2675264965,0.2789085215,0.184409643,0.269155339
666,0.1784328745,0.2260753615,0.295370752,0.300121012
667,0.185008086,0.275884639,0.2561408525,0.2829664225
668,0.3787869095,0.2045420345,0.1318772475,0.2847938085
669,0.3457699485,0.22850125,0.1990339195,0.226694882
670,0.3769741025,0.13644059,0.1510018305,0.335583477
671,0.3520804815,0.1898554605,0.2005184875,0.2575455705
672,0.399668634,0.2096611385,0.181734323,0.2089359045
673,0.305643076,0.239427145,0.2381350175,0.2167947615
674,0.3334296085,0.24237832,0.184811879,0.2393801925
675,0.2712268025,0.2238864155,0.3710152645,0.1338715175
676,0.2735330515,0.270719029,0.1840151185,0.271732801
677,0.174296597,0.2930625675,0.224752857,0.3078879785
678,0.185546806,0.371088128,0.282374128,0.160990938
679,0.2289253575,0.2611572315,0.232535852,0.277381559
680,0.3368988795,0.26077888,0.180820038,0.2215022025
681,0.2224602035,0.2727225665,0.2318517035,0.2729655265
682,0.181144948,0.230470298,0.3151053845,0.2732793695
683,0.2374952845,0.293715606,0.207092363,0.2616967465
684,0.2306591265,0.2952589415,0.240977411,0.233104521
685,0.2728529365,0.320255508,0.269833493,0.1370580625
686,0.261396473,0.2671799565,0.0850253975,0.386398173
687,0.266189591,0.287077061,0.20971529,0.237018058
688,0.2029648945,0.3429918145,0.2857845485,0.1682587425
689,0.222306939,0.2092486225,0.1696915605,0.398752878
690,0.2207663345,0.2841892595,0.2192251595,0.2758192465
691,0.184841693,0.329836877,0.342773287,0.142548143
692,0.2615994105,0.217690367,0.2241871025,0.29652312
693,0.2034187895,0.1903763555,0.258285471,0.347919384
694,0.302268873,0.2046844055,0.186493743,0.3065529785
695,0.209116483,0.224509903,0.3292713055,0.2371023085
696,0.265586675,0.2486328445,0.238706867,0.2470736135
697,0.220068885,0.2584826215,0.288099923,0.2333485705
698,0.3392038655,0.2187705215,0.20078445,0.241241163
699,0.2679499015,0.2759638125,0.165964279,0.290122007
700,0.314104555,0.1967876935,0.249057938,0.2400498135
701,0.3822450375,0.1508053455,0.221320642,0.245628975
702,0.2889099265,0.231962338,0.2388349325,0.240292803
703,0.2509850715,0.2582105665,0.2079305005,0.2828738615
704,0.249706044,0.194306929,0.247603807,0.30838322
705,0.2701287075,0.1820758155,0.211887894,0.335907583
706,0.2794506015,0.312552983,0.149515686,0.2584807295
707,0.289504661,0.2713463995,0.208884838,0.2302641015
708,0.3574313435,0.1748063415,0.170522101,0.297240214
709,0.256739296,0.2624455465,0.173821129,0.3069940285
710,0.292314555,0.268750865,0.2043782835,0.2345562965
711,0.248531594,0.270439801,0.245942962,0.235085643
712,0.253974186,0.2681679375,0.1868711945,0.290986682
713,0.296626062,0.2422610875,0.2207110285,0.240401822
714,0.288092232,0.2741711135,0.190872913,0.2468637415
715,0.306051028,0.2229324675,0.20982739,0.2611891145
716,0.2313286065,0.2764513015,0.2562892225,0.2359308695
717,0.29100652,0.1512764995,0.2343978955,0.323319085
718,0.2773526795,0.2684278665,0.2231831705,0.2310362835
719,0.2413334835,0.201096576,0.218360395,0.3392095455
720,0.253149363,0.2479333025,0.314668376,0.1842489585
721,0.2404830905,0.1939612875,0.277034081,0.288521541
722,0.2094144795,0.378109742,0.2087878605,0.203687918
723,0.402963128,0.1946750695,0.1354714785,0.266890324
724,0.2533076845,0.29531125,0.219090649,0.2322904165
725,0.349356456,0.0954468215,0.2842344165,0.270962306
726,0.182302334,0.3815345435,0.2879419555,0.148221167
727,0.2980550365,0.205890016,0.174101284,0.3219536635
728,0.1934265745,0.272153745,0.2490822445,0.285337436
729,0.1911783485,0.3880424835,0.1864906015,0.2342885665
730,0.279344333,0.267309319,0.2410469775,0.2122993705
731,0.251861423,0.242459747,0.266939874,0.238738956
732,0.422638656,0.1184411855,0.196788659,0.2621314995
733,0.3373152025,0.196868679,0.128550194,0.3372659245
734,0.2626252195,0.218143919,0.3461994105,0.173031451
735,0.296794696,0.2005480355,0.1932903555,0.309366913
736,0.336378645,0.128013887,0.1915816775,0.3440257905
737,0.284360781,0.1716042125,0.266146072,0.2778889345
738,0.2825333165,0.2419179755,0.279332873,0.196215835
739,0.330745934,0.216840662,0.2590112795,0.1934021245
740,0.209874345,0.1716405045,0.1879131505,0.430572
741,0.2798830475,0.3221174575,0.1461837085,0.2518157865
742,0.28112743,0.2012789145,0.318414804,0.1991788515
