,P1AncestryProportion,P2AncestryProportion,P3AncestryProportion,P4AncestryProportion
0,0.1093793805,0.242564347,0.3775552565,0.270501016
1,0.1868684775,0.348074637,0.2776253475,0.187431538
2,0.1693748585,0.208202951,0.300831076,0.3215911145
3,0.331676204,0.2311380745,0.260906572,0.1762791495
4,0.184226521,0.204413231,0.23549951,0.375860738
5,0.231500626,0.244845548,0.280604959,0.243048867
6,0.237653323,0.3038843165,0.2585440355,0.199918325
7,0.1831154865,0.3071960045,0.2713332455,0.2383552635
8,0.1400583475,0.3451626255,0.2231388105,0.2916402165
9,0.3024598745,0.1812959425,0.2168304095,0.2994137735
10,0.232130378,0.2160314165,0.256446401,0.2953918045
11,0.209677469,0.210615107,0.3581890695,0.2215183545
12,0.3648333445,0.234601969,0.225996725,0.1745679615
13,0.1983266495,0.3353526295,0.1971616255,0.2691590955
14,0.1841288125,0.311752052,0.166479077,0.3376400585
15,0.2642008625,0.250593521,0.359590109,0.1256155075
16,0.2186139065,0.18567869,0.226306641,0.3694007625
17,0.243547219,0.341375943,0.2198236725,0.1952531655
18,0.295338159,0.2827763035,0.2439360445,0.177949493
19,0.2461348685,0.196043387,0.376774907,0.1810468375
20,0.2204072795,0.204322121,0.2896840915,0.285586508
21,0.1776172645,0.2606450895,0.3776250195,0.1841126265
22,0.211818062,0.3218131875,0.2593749915,0.206993759
23,0.249628603,0.2215356935,0.2822339705,0.246601733
24,0.1539225715,0.227630773,0.2709674585,0.347479197
25,0.2569785595,0.2830383845,0.2336282735,0.2263547825
26,0.3001234665,0.1877563515,0.2559095125,0.2562106695
27,0.221880568,0.2424309255,0.3083757065,0.2273128
28,0.251886018,0.251643674,0.296672117,0.199798191
29,0.1939719125,0.284698031,0.284662054,0.2366680025
30,0.255546677,0.2598440735,0.205880443,0.2787288065
31,0.2181490565,0.274767033,0.1466518595,0.360432051
32,0.210818622,0.172297863,0.282653634,0.334229881
33,0.1707663255,0.343758593,0.165153341,0.3203217405
34,0.2761447195,0.348111812,0.1261446235,0.249598845
35,0.1707748495,0.2537771205,0.2798974495,0.2955505805
36,0.1673334315,0.2900946675,0.2093171115,0.3332547895
37,0.2904744155,0.238135936,0.280299161,0.1910904875
38,0.2947771875,0.2788072755,0.2630940005,0.1633215365
39,0.212423615,0.1830581225,0.3183325125,0.28618575
40,0.2676464835,0.185540128,0.305322351,0.2414910375
41,0.224887306,0.246382827,0.317792658,0.210937209
42,0.2356636055,0.283519987,0.231744528,0.2490718795
43,0.2511908145,0.2204545705,0.2736402445,0.2547143705
44,0.1272995225,0.312858735,0.2263236625,0.33351808
45,0.2234014805,0.2952655545,0.271828953,0.209504012
46,0.2735541475,0.2585219195,0.206254037,0.261669896
47,0.238233047,0.237704098,0.2434944965,0.2805683585
48,0.20028511,0.2771831995,0.273999394,0.2485322965
49,0.281334959,0.1671764575,0.3395268835,0.2119617
50,0.203500143,0.1942518285,0.2754339695,0.326814059
51,0.236567698,0.275050254,0.1269961295,0.3613859185
52,0.191434988,0.3704333555,0.2348865685,0.203245088
53,0.2678345865,0.311966128,0.2127354665,0.207463819
54,0.1001435145,0.354363732,0.2343175375,0.311175216
55,0.1603617255,0.2422106825,0.312912531,0.284515061
56,0.249185499,0.2872454655,0.2381698505,0.225399185
57,0.3084670625,0.338966658,0.1490346625,0.203531617
58,0.1820638375,0.2347588505,0.317233556,0.265943756
59,0.204633207,0.094615372,0.3035689,0.397182521
60,0.2354850055,0.283443733,0.2311416585,0.249929603
61,0.234042452,0.2122960705,0.2675867355,0.286074742
62,0.241998009,0.329936717,0.2495066635,0.1785586105
63,0.193478608,0.2183223455,0.309011149,0.2791878975
64,0.275238128,0.2778006445,0.260674462,0.1862867655
65,0.195700525,0.253708241,0.284295838,0.266295396
66,0.269910502,0.1932769085,0.31282229,0.2239902995
67,0.242355953,0.224092798,0.2232446765,0.3103065725
68,0.1649182185,0.282234435,0.238435986,0.3144113605
69,0.118447279,0.212109587,0.3731741555,0.2962689785
70,0.1998961745,0.310280318,0.2500563095,0.239767198
71,0.2105680645,0.195128181,0.4057324925,0.188571262
72,0.2223324915,0.2974615805,0.2270222815,0.2531836465
73,0.256615597,0.2738899925,0.227143318,0.2423510925
74,0.155351222,0.2364728245,0.287639596,0.3205363575
75,0.2023825305,0.2794658075,0.271351929,0.246799733
76,0.2117068625,0.3356090865,0.24202311,0.210660941
77,0.225555577,0.1998868785,0.3102987665,0.264258778
78,0.1487225835,0.238756381,0.4193638175,0.193157218
79,0.1952681425,0.267259226,0.2181066345,0.319365997
80,0.255419065,0.1968808275,0.2647549205,0.282945187
81,0.3008488865,0.129179319,0.298831116,0.2711406785
82,0.168013491,0.1739085175,0.36405795,0.2940200415
83,0.2307373775,0.285258335,0.2081153175,0.27588897
84,0.2196830605,0.162809289,0.390312185,0.2271954655
85,0.178215847,0.3681551095,0.174267267,0.2793617765
86,0.265573163,0.1675129685,0.380902199,0.1860116695
87,0.230889696,0.341841823,0.3049554555,0.1223130255
88,0.2098833375,0.226222775,0.2229102865,0.340983601
89,0.279881402,0.280638728,0.206147378,0.233332492
90,0.171457523,0.223288889,0.2585121895,0.3467413985
91,0.23611258,0.319047266,0.192744676,0.252095478
92,0.2495469275,0.239415527,0.193290803,0.3177467425
93,0.1713676525,0.3382974845,0.3006391655,0.1896956975
94,0.239837812,0.233381303,0.216972963,0.309807922
95,0.214264239,0.2440176405,0.2805637385,0.261154382
96,0.260441321,0.245722627,0.2592696255,0.2345664265
97,0.1647133355,0.1972866975,0.3962890295,0.2417109375
98,0.15407138,0.311464216,0.2640833275,0.2703810765
99,0.3026608825,0.254378584,0.213637761,0.2293227725
100,0.26695491,0.257169418,0.253776192,0.22209948
101,0.293122065,0.2280676035,0.250272566,0.2285377655
102,0.1666500955,0.3327863505,0.2652909855,0.2352725685
103,0.293922509,0.2641214535,0.2322796425,0.209676395
104,0.1483140925,0.257141018,0.221211312,0.3733335775
105,0.180433854,0.247363917,0.270574634,0.301627595
106,0.2287357035,0.25677393,0.1215012505,0.392989116
107,0.3173294085,0.2171277835,0.2741048865,0.1914379215
108,0.294992877,0.2710008155,0.2555209575,0.17848535
109,0.2649567105,0.2165227355,0.2295956985,0.2889248555
110,0.2286904035,0.321927243,0.1634779095,0.285904444
111,0.2669628695,0.306726852,0.19263897,0.2336713085
112,0.2227386695,0.2297960395,0.331701401,0.21576389
113,0.1933537165,0.259772917,0.2809171615,0.265956205
114,0.1827458215,0.3412311655,0.198180877,0.277842136
115,0.377223708,0.188201675,0.232666156,0.201908461
116,0.290823749,0.2840135725,0.2876010135,0.137561665
117,0.194142771,0.3777136125,0.1952134395,0.232930177
118,0.1458498755,0.3404943965,0.237927099,0.275728629
119,0.2580654365,0.3400643815,0.1937154885,0.2081546935
120,0.1708296525,0.31604386,0.286156943,0.2269695445
121,0.268288374,0.301021006,0.223386151,0.207304469
122,0.239237864,0.2058255085,0.3125376715,0.242398956
123,0.202832252,0.1552683335,0.347336419,0.2945629955
124,0.1806419595,0.2810072875,0.273973839,0.264376914
125,0.281367437,0.226894368,0.211638623,0.280099572
126,0.1972625715,0.257886925,0.3356441865,0.209206317
127,0.200002472,0.2503238985,0.2332616675,0.316411962
128,0.314166027,0.2377983035,0.249168586,0.1988670835
129,0.196505681,0.2798018855,0.310815795,0.2128766385
130,0.2000213015,0.1911994395,0.248412223,0.360367036
131,0.183006528,0.2738570195,0.385915141,0.1572213115
132,0.2506773155,0.255322552,0.252663683,0.2413364495
133,0.212715679,0.245127468,0.3100478615,0.2321089915
134,0.186278272,0.233554238,0.2427634325,0.3374040575
135,0.243108402,0.2882501335,0.303217961,0.1654235035
136,0.2717919035,0.216692514,0.2875611105,0.223954472
137,0.3244714425,0.164599892,0.181915924,0.3290127415
138,0.1737181075,0.285050443,0.2643410655,0.276890384
139,0.227951076,0.21846948,0.241216374,0.31236307
140,0.137866699,0.2918966925,0.2857290595,0.284507549
141,0.276266223,0.262353085,0.270162291,0.191218401
142,0.162819762,0.278252446,0.2419830105,0.3169447815
143,0.245959384,0.199762388,0.182549843,0.371728385
144,0.1817327905,0.1981369365,0.304201759,0.315928514
145,0.2388452135,0.245319197,0.2606168275,0.255218762
146,0.2243560175,0.275588329,0.274571707,0.2254839465
147,0.1977928425,0.268862706,0.267455729,0.2658887225
148,0.180180253,0.275160411,0.3423807865,0.2022785495
149,0.161020789,0.243721296,0.3286225615,0.2666353535
150,0.3329842085,0.214217891,0.266874679,0.1859232215
151,0.1860975745,0.297904962,0.3166229115,0.199374552
152,0.272648559,0.2907060895,0.229310498,0.2073348535
153,0.293313211,0.14691756,0.353932782,0.205836447
154,0.269219115,0.303797421,0.2234195255,0.2035639385
155,0.348831076,0.196476271,0.2128662495,0.2418264035
156,0.224359835,0.2896355095,0.244275233,0.2417294225
157,0.228774471,0.218097072,0.2620814105,0.2910470465
158,0.209018944,0.33009031,0.215058341,0.245832405
159,0.1780186995,0.1880364,0.356589126,0.2773557745
160,0.2103615895,0.2994854715,0.2130090525,0.2771438865
161,0.2502204955,0.278750722,0.2130407575,0.257988025
162,0.2009203605,0.275240813,0.247807704,0.2760311225
163,0.24846427,0.215290124,0.3029446335,0.2333009725
164,0.2260068,0.289052479,0.2933699035,0.1915708175
165,0.1981916065,0.2557999915,0.380653861,0.165354541
166,0.1905037815,0.268304214,0.162564847,0.3786271575
167,0.1699262965,0.3037926985,0.197621449,0.328659556
168,0.3232438595,0.224724823,0.2117921535,0.240239164
169,0.280736302,0.198538632,0.2968516245,0.2238734415
170,0.172014691,0.2036304005,0.3169168465,0.307438062
171,0.2170161715,0.2385720435,0.3206404235,0.2237713615
172,0.3182426565,0.311267858,0.1408173825,0.229672103
173,0.220647671,0.2509358015,0.308539406,0.2198771215
174,0.270930361,0.282988315,0.2867052375,0.1593760865
175,0.2250480525,0.190964638,0.2352782485,0.348709061
176,0.2421138035,0.3034141595,0.2732503925,0.1812216445
177,0.302162729,0.176698494,0.2974112805,0.2237274965
178,0.235639099,0.2562129435,0.2696119105,0.238536047
179,0.204494809,0.3504978025,0.2589619905,0.186045398
180,0.2240172365,0.158607333,0.344612185,0.2727632455
181,0.3171989505,0.176408259,0.2937177375,0.212675053
182,0.108383986,0.290190895,0.455304765,0.146120354
183,0.2421179695,0.231151884,0.206475769,0.3202543775
184,0.3330310255,0.186249763,0.1301561345,0.350563077
185,0.1549203105,0.2400545555,0.334456974,0.27056816
186,0.2312457755,0.288130934,0.249850726,0.2307725645
187,0.1792548155,0.254850571,0.245088252,0.3208063615
188,0.198145689,0.1960513945,0.2950470905,0.310755826
189,0.1204803425,0.342975636,0.2183082785,0.318235743
190,0.166162747,0.25991071,0.235686285,0.338240258
191,0.310438905,0.178912375,0.348054998,0.162593722
192,0.213497423,0.2757386665,0.131894616,0.3788692945
193,0.332657342,0.2763044295,0.2034713985,0.18756683
194,0.218945599,0.223413174,0.2946556365,0.2629855905
195,0.2786248395,0.262760257,0.27224358,0.1863713235
196,0.369200222,0.2390371295,0.1676297195,0.224132929
197,0.2446186175,0.202798461,0.2903800765,0.262202845
198,0.220140847,0.2533288035,0.1909416915,0.335588658
199,0.165744807,0.256757057,0.212843772,0.364654364
200,0.178411009,0.270791004,0.20989067,0.340907317
201,0.130655833,0.35186508,0.2366157885,0.2808632985
202,0.133087248,0.2091623785,0.196937925,0.4608124485
203,0.176706412,0.217335485,0.2376064015,0.3683517015
204,0.3050786275,0.3243830025,0.206857891,0.163680479
205,0.219307161,0.3222820165,0.152617492,0.3057933305
206,0.2634573,0.1918787785,0.252826525,0.2918373965
207,0.248196576,0.238479277,0.2186726075,0.2946515395
208,0.2423632335,0.2976773985,0.221550774,0.238408594
209,0.1134937245,0.4101904985,0.2379615735,0.2383542035
210,0.206621695,0.214957579,0.207793145,0.370627581
211,0.2454087215,0.2701836215,0.253294265,0.231113392
212,0.1043246945,0.267294253,0.3292541475,0.299126905
213,0.20135419,0.2763412935,0.2647591085,0.257545408
214,0.21684609,0.2835869375,0.2581129895,0.241453983
215,0.1011905905,0.252415372,0.300409027,0.3459850105
216,0.219007388,0.3637583125,0.1310026295,0.28623167
217,0.2146460545,0.148687538,0.2137881255,0.422878282
218,0.193349133,0.2644690895,0.23835432,0.3038274575
219,0.323599091,0.204389595,0.217851602,0.254159712
220,0.289585282,0.1830833655,0.2187094145,0.308621938
221,0.1116404825,0.3179236,0.2654385455,0.304997372
222,0.391190175,0.234273723,0.1784486655,0.1960874365
223,0.2721690965,0.2217691175,0.309630817,0.196430969
224,0.2424570975,0.1737501015,0.361536443,0.222256358
225,0.2074839275,0.237454441,0.2947561915,0.26030544
226,0.3231307725,0.139302764,0.197826511,0.3397399525
227,0.1074894235,0.305061768,0.2432965235,0.344152285
228,0.2392788205,0.189818531,0.277208654,0.2936939945
229,0.2977017085,0.2828828705,0.2381586485,0.1812567725
230,0.2113973665,0.2919135045,0.33838024,0.158308889
231,0.2348618275,0.270602279,0.31872653,0.1758093635
232,0.142040994,0.292348479,0.2792411265,0.2863694005
233,0.2292735165,0.305762503,0.22515107,0.2398129105
234,0.2731762385,0.207052655,0.297537487,0.2222336195
235,0.3373878185,0.1741003045,0.2893100105,0.1992018665
236,0.2632387675,0.231476045,0.126990836,0.3782943515
237,0.2691139035,0.237986164,0.1548695885,0.338030344
238,0.254927614,0.260149211,0.262452703,0.222470472
239,0.1772869025,0.3419974095,0.207517217,0.273198471
240,0.250614087,0.332392355,0.23272886,0.184264698
241,0.292432716,0.2034476075,0.299293062,0.2048266145
242,0.1285806265,0.408555463,0.2501450875,0.212718823
243,0.2346787415,0.276755172,0.2547037385,0.233862348
244,0.1212127785,0.301528477,0.27510288,0.3021558645
245,0.184365169,0.2069125345,0.318091011,0.2906312855
246,0.164199089,0.2079138215,0.3988312735,0.229055816
247,0.2417462505,0.304072447,0.2668752475,0.187306055
248,0.248011694,0.254338269,0.2422677695,0.2553822675
249,0.351630399,0.1605799275,0.2165555525,0.271234121
250,0.2867785445,0.1786312655,0.2530874415,0.2815027485
251,0.246046362,0.133325792,0.273273609,0.347354237
252,0.1731373325,0.2399082405,0.299693034,0.287261393
253,0.261432006,0.1542137785,0.2987891395,0.285565076
254,0.185668619,0.3059441625,0.2776077585,0.23077946
255,0.130936797,0.4050357975,0.2541865305,0.209840875
256,0.231013777,0.3458654625,0.1482277625,0.274892998
257,0.2606994665,0.2299664305,0.291533411,0.217800692
258,0.223628353,0.2489697835,0.2007294195,0.326672444
259,0.1638576005,0.2723338315,0.3881908545,0.1756177135
260,0.3209239295,0.289798597,0.1473115435,0.24196593
261,0.139954502,0.271343863,0.2762688675,0.3124327675
262,0.277905036,0.265017664,0.2953076715,0.1617696285
263,0.2304037645,0.3126164235,0.272397785,0.184582027
264,0.233992662,0.2464721265,0.359929672,0.1596055395
265,0.171809513,0.273484489,0.2800913315,0.2746146665
266,0.2981561855,0.2491618675,0.190146004,0.262535943
267,0.268460517,0.2595638095,0.2040957315,0.267879942
268,0.2181062975,0.3408086685,0.2583721065,0.1827129275
269,0.2353133045,0.2153277195,0.255273421,0.294085555
270,0.179716267,0.3239329145,0.2194928415,0.276857977
271,0.2388726375,0.272239895,0.2472644715,0.241622996
272,0.267025684,0.2777205895,0.180440445,0.2748132815
273,0.3741901405,0.2426854075,0.1941448615,0.1889795905
274,0.3340848595,0.274998402,0.120826668,0.2700900705
275,0.0807467855,0.385592863,0.282114973,0.2515453785
276,0.161138975,0.361368476,0.291962147,0.185530402
277,0.197144236,0.3350114325,0.305273097,0.1625712345
278,0.1804867535,0.176464407,0.329411561,0.3136372785
279,0.154479675,0.2422044805,0.3560172415,0.247298603
280,0.2365476345,0.2686433335,0.229888368,0.264920664
281,0.29213808,0.1527666675,0.2203231975,0.334772055
282,0.2058513355,0.2249783035,0.293074384,0.276095977
283,0.262656924,0.226930928,0.231436342,0.278975806
284,0.1622305515,0.2278942055,0.367826485,0.242048758
285,0.250079186,0.2836696195,0.184152671,0.2820985235
286,0.195661187,0.362773761,0.2557556025,0.1858094495
287,0.191289355,0.2319027585,0.3273008335,0.249507053
288,0.205734515,0.332812944,0.254781589,0.206670952
289,0.185296875,0.24838745,0.253294388,0.313021287
290,0.286891378,0.244501622,0.305542455,0.163064545
291,0.3094691565,0.2415306175,0.232166772,0.216833454
292,0.177181852,0.3183311415,0.297838223,0.2066487835
293,0.142999234,0.2960224665,0.226595961,0.3343823385
294,0.220222935,0.2045939825,0.395453339,0.1797297435
295,0.1994149865,0.2447195255,0.232727082,0.323138406
296,0.22688162,0.234438014,0.2461874635,0.2924929025
297,0.1324420175,0.3049945625,0.2818397365,0.2807236835
298,0.2688020805,0.1867299785,0.300587641,0.2438803
299,0.200356958,0.164644422,0.3443012555,0.2906973645
300,0.224589656,0.254568564,0.281712027,0.239129753
301,0.2034565045,0.393908535,0.1730077135,0.229627247
302,0.275186443,0.267061808,0.271884407,0.185867342
303,0.183698228,0.286142943,0.18846918,0.341689649
304,0.164761151,0.3892000305,0.205350086,0.2406887325
305,0.1874314225,0.2024949995,0.315349053,0.294724525
306,0.2459723515,0.2737129035,0.1800741805,0.3002405645
307,0.131057948,0.266259991,0.272305481,0.33037658
308,0.2439549085,0.182064427,0.336547812,0.2374328525
309,0.250247836,0.238596667,0.286771924,0.224383573
310,0.245810711,0.2700884445,0.227181289,0.2569195555
311,0.196304598,0.18062367,0.265093345,0.357978387
312,0.336635393,0.1802210215,0.2764922475,0.206651338
313,0.1835253865,0.193392648,0.2530391845,0.370042781
314,0.18481699,0.2727003925,0.1540709485,0.388411669
315,0.189618081,0.3339510395,0.206288563,0.2701423165
316,0.2630189635,0.2462103715,0.2252934455,0.2654772195
317,0.1524306665,0.224550142,0.216144652,0.4068745395
318,0.2876913405,0.26299612,0.2045965775,0.244715962
319,0.2633340935,0.2704724595,0.2854870105,0.1807064365
320,0.2675703265,0.300061941,0.209069367,0.2232983655
321,0.2079616985,0.192376408,0.3506910995,0.248970794
322,0.1881766995,0.2770794175,0.334428012,0.200315871
323,0.261873636,0.2692737395,0.2038743095,0.264978315
324,0.210846152,0.359234038,0.2185094155,0.2114103945
325,0.233843601,0.280332249,0.3575285185,0.1282956315
326,0.1942906575,0.2701754705,0.31813214,0.217401732
327,0.1906696755,0.275530226,0.272948674,0.2608514245
328,0.2347812415,0.359912396,0.227406694,0.1778996685
329,0.311243917,0.1267416195,0.215779243,0.3462352205
330,0.266626788,0.256734372,0.294638508,0.182000332
331,0.2285335705,0.2347954845,0.2461904135,0.2904805315
332,0.179823538,0.2203915745,0.27424812,0.3255367675
333,0.2674583415,0.2565955655,0.213207888,0.262738205
334,0.232086094,0.3016553095,0.2041729435,0.262085653
335,0.2297967775,0.2928557725,0.183747754,0.293599696
336,0.2871834715,0.203571524,0.29129816,0.2179468445
337,0.200356452,0.230134821,0.30092352,0.268585207
338,0.156025051,0.285567394,0.2623279905,0.2960795645
339,0.26487111,0.2632379365,0.1743849845,0.297505969
340,0.187160467,0.2588838335,0.316095988,0.2378597115
341,0.195681517,0.2432775845,0.3753670835,0.185673815
342,0.1835412185,0.3149480005,0.1942523655,0.3072584155
343,0.300202969,0.2604972475,0.23612554,0.2031742435
344,0.2018629795,0.241281648,0.2372123505,0.319643022
345,0.3007067735,0.183870172,0.256306526,0.2591165285
346,0.2031255875,0.281855815,0.2363334585,0.278685139
347,0.2597729465,0.2985805655,0.2364237915,0.2052226965
348,0.211195516,0.2359355855,0.3656336125,0.187235286
349,0.135500835,0.2733295155,0.312850001,0.2783196485
350,0.167949135,0.3538526485,0.2689779715,0.209220245
351,0.247763552,0.2263613685,0.3267078485,0.199167231
352,0.302557447,0.1793322175,0.2818036655,0.23630667
353,0.172130011,0.2258140625,0.3556260825,0.246429844
354,0.293465935,0.1965173935,0.3222384425,0.187778229
355,0.2011779305,0.2884006565,0.297624716,0.212796697
356,0.212389756,0.2349040495,0.237582014,0.3151241805
357,0.187730624,0.286244828,0.354585594,0.171438954
358,0.3052774395,0.413184435,0.097851249,0.1836868765
359,0.2292732055,0.2957198395,0.3114195235,0.1635874315
360,0.199857414,0.320071024,0.2696660835,0.2104054785
361,0.260514121,0.149437328,0.2065657555,0.3834827955
362,0.1793453495,0.2896675835,0.2188251995,0.3121618675
363,0.317122099,0.1912179745,0.199101938,0.2925579885
364,0.22371888,0.294387529,0.1659276795,0.3159659115
365,0.255074147,0.2200773595,0.2491593725,0.275689121
366,0.2453305265,0.2077460345,0.3053434125,0.2415800265
367,0.231958127,0.288019008,0.231162685,0.24886018
368,0.201795618,0.293159138,0.364704285,0.140340959
369,0.2800802335,0.304472427,0.2294459225,0.186001417
370,0.15859025,0.231632039,0.365170738,0.244606973
371,0.1953500825,0.280181562,0.303636716,0.2208316395
372,0.2588763705,0.1987832045,0.232456012,0.309884413
373,0.164621163,0.2624189855,0.2704212685,0.302538583
374,0.1850375095,0.27542597,0.303129075,0.2364074455
375,0.2474385795,0.26504661,0.222194259,0.2653205515
376,0.232882777,0.2983396975,0.179226685,0.2895508405
377,0.198290855,0.2054255135,0.252721946,0.3435616855
378,0.3494251675,0.209004796,0.2077417095,0.233828327
379,0.2599521845,0.2054853975,0.2677999285,0.2667624895
380,0.228404881,0.181584173,0.321990191,0.268020755
381,0.228655349,0.2055438705,0.3489627425,0.216838038
382,0.2260850555,0.2925943025,0.358232437,0.123088205
383,0.211193431,0.313273933,0.2004893855,0.2750432505
384,0.266019716,0.2578263355,0.2258582795,0.250295669
385,0.2540017305,0.1181189815,0.320959227,0.306920061
386,0.184071934,0.313112006,0.230796039,0.272020021
387,0.2213404535,0.2139057265,0.2199312685,0.3448225515
388,0.293400954,0.2462105415,0.2379300015,0.222458503
389,0.2889681935,0.2225076325,0.261911608,0.226612566
390,0.2725214695,0.150305209,0.3161574195,0.261015902
391,0.237224133,0.2543273045,0.2588395175,0.249609045
392,0.203232286,0.258780829,0.231209724,0.306777161
393,0.215609159,0.234103071,0.19367066,0.35661711
394,0.1972406275,0.3311795215,0.2490646095,0.2225152415
395,0.255261218,0.1885504925,0.2020299715,0.354158318
396,0.260847371,0.2235509645,0.3270436175,0.188558047
397,0.2928967495,0.192232852,0.3294282705,0.185442128
398,0.195746239,0.136435415,0.3157060865,0.3521122595
399,0.2884908815,0.24843222,0.2073967475,0.255680151
400,0.188822154,0.3724948735,0.1817493715,0.256933601
401,0.263844373,0.1396365115,0.26906083,0.3274582855
402,0.2015309295,0.1828310855,0.352978198,0.262659787
403,0.308989326,0.265007358,0.1871677275,0.2388355885
404,0.254840417,0.2780103235,0.1509891675,0.316160092
405,0.141445317,0.2595839885,0.2740405445,0.32493015
406,0.2415733915,0.155013176,0.28779678,0.3156166525
407,0.159715106,0.2810299505,0.2508140975,0.308440846
408,0.3142402105,0.2283201455,0.3259190895,0.1315205545
409,0.2301038565,0.351557608,0.10124622,0.3170923155
410,0.196315987,0.301742945,0.3124670795,0.1894739885
411,0.300308034,0.272757845,0.2601440215,0.1667900995
412,0.135010546,0.236697881,0.347951303,0.28034027
413,0.1567268715,0.2988434535,0.254082965,0.29034671
414,0.1631288655,0.151477634,0.3273053415,0.358088159
415,0.2677789785,0.2091757755,0.297092622,0.225952624
416,0.2533396215,0.2602271985,0.2601598825,0.2262732975
417,0.14851001,0.207950243,0.3127207195,0.3308190275
418,0.231606784,0.2759467855,0.333567582,0.1588788485
419,0.2646925575,0.2357165615,0.256611469,0.242979412
420,0.228294021,0.272138116,0.257645977,0.241921886
421,0.1882633825,0.2473110165,0.299647655,0.264777946
422,0.227275637,0.234362668,0.225438413,0.312923282
423,0.3152725625,0.228059099,0.199199707,0.2574686315
424,0.178312881,0.2601123565,0.2778994245,0.283675338
425,0.270319494,0.175630144,0.229881122,0.32416924
426,0.2795085755,0.251874849,0.247160179,0.2214563965
427,0.1411407615,0.327959583,0.2544819195,0.276417736
428,0.1576074145,0.2584248355,0.32985608,0.25411167
429,0.2063834845,0.235691483,0.2888375095,0.269087523
430,0.1728220425,0.2025442945,0.2689857065,0.3556479565
431,0.1447423205,0.1875144865,0.3916369285,0.2761062645
432,0.2877841,0.3048603485,0.2046438605,0.202711691
433,0.2483194115,0.1779652475,0.298494446,0.275220895
434,0.104273401,0.2615325975,0.265926738,0.3682672635
435,0.1831733075,0.2743746205,0.355410229,0.187041843
436,0.2023859875,0.252046753,0.241305388,0.3042618715
437,0.249213437,0.156379418,0.2985801305,0.2958270145
438,0.251267342,0.1789540285,0.258107653,0.3116709765
439,0.2661652405,0.292299805,0.1984836255,0.243051329
440,0.226277363,0.208654134,0.2325022045,0.3325662985
441,0.205369471,0.301351458,0.3078082185,0.1854708525
442,0.1848499155,0.2489836125,0.302042456,0.264124016
443,0.161400273,0.3200332055,0.252847348,0.2657191735
444,0.2557629695,0.231952274,0.279686214,0.2325985425
445,0.216572141,0.282704935,0.2702439615,0.2304789625
446,0.187291164,0.2753489035,0.172200006,0.3651599265
447,0.153536249,0.2872050265,0.165585384,0.3936733405
448,0.297602762,0.135819869,0.401134926,0.165442443
449,0.2152279575,0.264767359,0.3215286075,0.198476076
450,0.2087973785,0.2772477875,0.2460766295,0.2678782045
451,0.2527530615,0.2063389445,0.269070125,0.271837869
452,0.1311980975,0.2909912435,0.4319960875,0.1458145715
453,0.1661131285,0.272654898,0.258884348,0.3023476255
454,0.2137525505,0.1979394845,0.338003107,0.250304858
455,0.2552290245,0.2596727945,0.229433554,0.255664627
456,0.173709913,0.3450607645,0.226616833,0.2546124895
457,0.2030011645,0.247320733,0.2565998255,0.293078277
458,0.333253206,0.2558541545,0.218163957,0.1927286825
459,0.2056865665,0.290649127,0.2946623475,0.209001959
460,0.207187462,0.2347381755,0.2074279385,0.350646424
461,0.174679729,0.250928874,0.3153045135,0.2590868835
462,0.1652885895,0.263737822,0.2291018525,0.341871736
463,0.19760227,0.268157771,0.2311085295,0.3031314295
464,0.2483792165,0.232829934,0.158714267,0.3600765825
465,0.214594524,0.3672481525,0.2748080415,0.143349282
466,0.2962952585,0.2178984395,0.189285152,0.29652115
467,0.2369454945,0.2790431265,0.289937864,0.194073515
468,0.308687396,0.2214365145,0.2345207125,0.235355377
469,0.201909894,0.3193108975,0.2385672345,0.240211974
470,0.24802685,0.151606213,0.291778186,0.308588751
471,0.295109525,0.2697269105,0.150005367,0.2851581975
472,0.1831782275,0.4044429955,0.161899566,0.250479211
473,0.1735026005,0.245918767,0.2557542885,0.324824344
474,0.2290748445,0.2651093315,0.307326714,0.19848911
475,0.1617722415,0.294819885,0.2969474935,0.24646038
476,0.2126262815,0.27688492,0.315790211,0.1946985875
477,0.2638786145,0.162812652,0.3828305025,0.190478231
478,0.305755032,0.1921936175,0.2522621025,0.249789248
479,0.181980142,0.288933513,0.326352627,0.202733718
480,0.23422336,0.2408426575,0.228867135,0.2960668475
481,0.219465314,0.333283683,0.269554297,0.177696706
482,0.1499719595,0.296077051,0.295193633,0.2587573565
483,0.314480512,0.205474182,0.3397048455,0.1403404605
484,0.2444272565,0.283990779,0.246441346,0.2251406185
485,0.14922558,0.276755893,0.2790810835,0.2949374435
486,0.23152135,0.1765958305,0.2714150235,0.320467796
487,0.229916879,0.1748218525,0.317080757,0.2781805115
488,0.2613232815,0.201469484,0.2203128915,0.316894343
489,0.2953754105,0.283269154,0.138562072,0.2827933635
490,0.1332403715,0.357801952,0.2833564155,0.225601261
491,0.1953385615,0.212046891,0.325917141,0.2666974065
492,0.2006420015,0.3959154275,0.205156507,0.198286064
493,0.1513437145,0.26274853,0.2499488365,0.335958919
494,0.163569644,0.296035127,0.31193701,0.228458219
495,0.230884739,0.2273540955,0.210169644,0.3315915215
496,0.227561815,0.2982762365,0.170068857,0.3040930915
497,0.2260946715,0.373258919,0.165796522,0.2348498875
498,0.2989679715,0.0989000455,0.231156972,0.370975011
499,0.250609256,0.175771531,0.380333717,0.193285496
500,0.342912815,0.199068574,0.2213390295,0.2366795815
501,0.153030112,0.334812273,0.1820363235,0.3301212915
502,0.2801760925,0.219433017,0.3016147645,0.198776126
503,0.163333788,0.2624927335,0.2841347275,0.290038751
504,0.181286616,0.3045174675,0.2511855095,0.263010407
505,0.2975365205,0.274835976,0.233566566,0.1940609375
506,0.265929918,0.205516697,0.226389532,0.302163853
507,0.262359651,0.2735493105,0.2000680485,0.26402299
508,0.2103851525,0.222288295,0.2993589315,0.267967621
509,0.1605873145,0.231298686,0.281761171,0.3263528285
510,0.295594527,0.1667646855,0.263133625,0.2745071625
511,0.1599969675,0.2753968615,0.2578850625,0.3067211085
512,0.254465938,0.2008290345,0.3267448565,0.217960171
513,0.233277104,0.2319055715,0.3059848835,0.228832441
514,0.2588883295,0.2133478375,0.303058586,0.224705247
515,0.2126773255,0.2235000885,0.327627688,0.236194898
516,0.3232404985,0.1405178565,0.231602694,0.304638951
517,0.160253525,0.333209077,0.2159352395,0.2906021585
518,0.308213681,0.2046295655,0.2936635605,0.193493193
519,0.270010546,0.307150661,0.1822301175,0.2406086755
520,0.2040969975,0.243397807,0.198529979,0.3539752165
521,0.161116516,0.250421118,0.309426182,0.279036184
522,0.237453343,0.1580316955,0.2747151985,0.329799763
523,0.2770767795,0.1960745105,0.270245042,0.256603668
524,0.1509484405,0.266896357,0.217207304,0.3649478985
525,0.272893597,0.2654569545,0.2635534375,0.198096011
526,0.26932793,0.3464537765,0.209660651,0.1745576425
527,0.15347779,0.349147119,0.22164822,0.275726871
528,0.190459548,0.3301967025,0.198999568,0.2803441815
529,0.252255001,0.1510721925,0.228912044,0.3677607625
530,0.2495714125,0.2912614825,0.207146247,0.252020858
531,0.234753454,0.248605888,0.168997023,0.347643635
532,0.2181940215,0.2357785955,0.3215233535,0.2245040295
533,0.2448158245,0.1624899815,0.2640985585,0.3285956355
534,0.1650605235,0.235032135,0.3346000475,0.265307294
535,0.191777572,0.3067430875,0.2989589915,0.202520349
536,0.2788858905,0.258703553,0.2329203405,0.229490216
537,0.222761777,0.335881983,0.205390208,0.235966032
538,0.148325114,0.234379931,0.3410842285,0.2762107265
539,0.0945376775,0.292041279,0.3343641045,0.279056939
540,0.254232542,0.259788178,0.2056571935,0.2803220865
541,0.3690641675,0.261407586,0.174199342,0.1953289045
542,0.147800994,0.2767089925,0.2704670875,0.305022926
543,0.1795947895,0.292214724,0.28806947,0.2401210165
544,0.234694015,0.224873931,0.2854468245,0.2549852295
545,0.173775152,0.3119508405,0.2033808455,0.310893162
546,0.152709676,0.2360082775,0.332327866,0.2789541805
547,0.170768709,0.29134177,0.306441633,0.231447888
548,0.207607457,0.206527477,0.37650888,0.209356186
549,0.211943835,0.249839098,0.2764783165,0.2617387505
550,0.3532344605,0.2573287065,0.1676541515,0.2217826815
551,0.250162188,0.249155126,0.3299413025,0.1707413835
552,0.145393567,0.333958588,0.3233598345,0.1972880105
553,0.271794649,0.2206070535,0.1935050965,0.314093201
554,0.17127427,0.221904291,0.3286116415,0.2782097975
555,0.2327983605,0.1837129795,0.3108551075,0.2726335525
556,0.240197415,0.266928659,0.228155463,0.264718463
557,0.20692731,0.1495600195,0.271051055,0.3724616155
558,0.2058848885,0.281871526,0.2912499705,0.220993615
559,0.1544046565,0.3499574275,0.299380395,0.196257521
560,0.1804294795,0.2184688835,0.301081865,0.300019772
561,0.1997119445,0.225655793,0.3418605415,0.232771721
562,0.218566231,0.305896127,0.2002429145,0.2752947275
563,0.161333587,0.3305587795,0.286610081,0.2214975525
564,0.25730622,0.357037531,0.1294963755,0.2561598735
565,0.2650933455,0.27916864,0.2270578925,0.228680122
566,0.174628509,0.26965828,0.2601391035,0.2955741075
567,0.1873034835,0.305438596,0.203832351,0.3034255695
568,0.220533792,0.289442786,0.2492286985,0.2407947235
569,0.186918782,0.211035696,0.282450201,0.319595321
570,0.1732070065,0.2262024695,0.2830091105,0.3175814135
571,0.2037348155,0.2529057995,0.318371906,0.224987479
572,0.236496883,0.270497887,0.2645048915,0.2285003385
573,0.277364651,0.392340761,0.1813631335,0.1489314545
574,0.2542068135,0.335232236,0.2627576485,0.147803302
575,0.178171604,0.2759088065,0.3319217855,0.213997804
576,0.187743425,0.152117253,0.344758712,0.31538061
577,0.1914408295,0.2627801635,0.199232826,0.346546181
578,0.2190691905,0.2854770245,0.260194754,0.235259031
579,0.2101020005,0.257215956,0.3296897475,0.202992296
580,0.16116649,0.2609496385,0.2921797765,0.285704095
581,0.215803082,0.27066051,0.2611303755,0.2524060325
582,0.1735683945,0.28472132,0.311835928,0.2298743575
583,0.1363470165,0.187272656,0.3739812365,0.302399091
584,0.152815361,0.3147827835,0.228007761,0.3043940945
585,0.260885687,0.268774924,0.2500671745,0.2202722145
586,0.2306165395,0.3266118665,0.255085641,0.187685953
587,0.173685412,0.388059213,0.1977702905,0.2404850845
588,0.172257192,0.246617274,0.322010708,0.259114826
589,0.287706951,0.220762623,0.247040293,0.244490133
590,0.124065308,0.346080955,0.348841963,0.181011774
591,0.181256624,0.2851756605,0.321686643,0.2118810725
592,0.2296489395,0.249219497,0.304531095,0.2166004685
593,0.3011569065,0.3163811135,0.2077683115,0.1746936685
594,0.3014415575,0.223374319,0.2751262325,0.200057891
595,0.2886263835,0.2127943445,0.198881208,0.299698064
596,0.2284020025,0.335548452,0.321209932,0.1148396135
597,0.1247803695,0.2709266075,0.3685089405,0.2357840825
598,0.2387457215,0.2115771895,0.32473791,0.224939179
599,0.161544949,0.251968059,0.3258721855,0.2606148065
600,0.1138193135,0.257900606,0.2990115675,0.329268513
601,0.3113677505,0.247545177,0.1424308495,0.298656223
602,0.1990956235,0.244631628,0.2972013085,0.25907144
603,0.142941041,0.3010137105,0.305283168,0.2507620805
604,0.2621441135,0.23726847,0.3429706185,0.157616798
605,0.113746322,0.265373644,0.2978509375,0.3230290965
606,0.2484984055,0.312223231,0.1950474705,0.244230893
607,0.215707553,0.2533072005,0.122492841,0.4084924055
608,0.2149450115,0.223206406,0.274156196,0.2876923865
609,0.201740542,0.234226882,0.228158756,0.33587382
610,0.176396537,0.3365096075,0.2912102965,0.195883559
611,0.2889309785,0.2289393455,0.2105228705,0.2716068055
612,0.139788774,0.3289623065,0.2584671545,0.272781765
613,0.198798847,0.2931197025,0.236905514,0.2711759365
614,0.1785023845,0.1836923325,0.3334151755,0.3043901075
615,0.1951579265,0.2148869065,0.3245514285,0.2654037385
616,0.1016530695,0.343928941,0.340504168,0.2139138215
617,0.289148552,0.1897727135,0.32946534,0.1916133945
618,0.22165329,0.1912317465,0.2108351375,0.376279826
619,0.129336957,0.202652683,0.2932621885,0.3747481715
620,0.2599013745,0.200538365,0.2786778785,0.260882382
621,0.208418537,0.2489830865,0.269910087,0.2726882895
622,0.2122078155,0.2757129885,0.1778742315,0.3342049645
623,0.2147812365,0.31604624,0.2853743375,0.183798186
624,0.2183306225,0.1862569605,0.3692824635,0.2261299535
625,0.159424902,0.239046498,0.3388136135,0.2627149865
626,0.231383913,0.290915305,0.194333461,0.283367321
627,0.2880508945,0.164450753,0.249695903,0.2978024495
628,0.266462593,0.157828741,0.2311114515,0.3445972145
629,0.125886933,0.252087847,0.350322708,0.271702512
630,0.2472591725,0.1973799445,0.3076170995,0.2477437835
631,0.203229044,0.3235712875,0.1178912365,0.355308432
632,0.2666716545,0.1720605215,0.297908829,0.263358995
633,0.239300863,0.203753995,0.276372217,0.280572925
634,0.2760756555,0.2419914805,0.2590313595,0.2229015045
635,0.189669913,0.311432832,0.1955338075,0.3033634475
636,0.2713590515,0.2255013425,0.262058615,0.241080991
637,0.3390202415,0.2027084725,0.2259572,0.232314086
638,0.205226492,0.254128099,0.268950782,0.271694627
639,0.2133508255,0.263821107,0.30877825,0.2140498175
640,0.285487763,0.125718093,0.261478058,0.327316086
641,0.2964621895,0.246791278,0.188030983,0.2687155495
642,0.154944184,0.327070095,0.3482673315,0.1697183895
643,0.162296484,0.3059681515,0.226593263,0.3051421015
644,0.2779406265,0.206992899,0.3567685055,0.158297969
645,0.2127801975,0.348394866,0.2207692965,0.21805564
646,0.2354546335,0.206965836,0.2938291565,0.263750374
647,0.2039267245,0.330779609,0.260942594,0.2043510725
648,0.307684846,0.108124262,0.2785142615,0.3056766305
649,0.27051227,0.197882001,0.198551011,0.333054718
650,0.2686954555,0.242689245,0.2629929945,0.225622305
651,0.2558398015,0.298760851,0.3155519665,0.129847381
652,0.1223198245,0.1702604075,0.2352401145,0.4721796535
653,0.0935110685,0.219981297,0.265984283,0.4205233515
654,0.3397842575,0.227153465,0.1823927495,0.250669528
655,0.2266892165,0.213528645,0.220122431,0.3396597075
656,0.2826781325,0.1860792015,0.304125174,0.227117492
657,0.1632956395,0.196275327,0.2866224755,0.353806558
658,0.284117708,0.206855348,0.336711457,0.172315487
659,0.2091144015,0.1610840755,0.285016795,0.344784728
660,0.202931258,0.2060750285,0.3249942775,0.265999436
661,0.202567837,0.327898125,0.309194583,0.160339455
662,0.199149882,0.273651262,0.201936438,0.325262418
663,0.2221994665,0.2012987745,0.311225959,0.2652758
664,0.1601880135,0.221552541,0.274919089,0.3433403565
665,0.2787626215,0.2460916665,0.2137799075,0.2613658045
666,0.259109762,0.2221848915,0.328073153,0.1906321935
667,0.2231060005,0.2558834765,0.21977867,0.301231853
668,0.2146516345,0.326565163,0.287381198,0.1714020045
669,0.22877251,0.1753437795,0.263190685,0.3326930255
670,0.2031120345,0.3251026205,0.27244006,0.199345285
671,0.308044165,0.2265420805,0.240736308,0.2246774465
672,0.255866089,0.2407509375,0.2566817705,0.246701203
673,0.180698263,0.296863153,0.2762771925,0.2461613915
674,0.21616635,0.2992077245,0.197032731,0.2875931945
675,0.1570027765,0.3094835185,0.286836167,0.246677538
676,0.232259681,0.3065213705,0.230966818,0.2302521305
677,0.2192433895,0.2555712785,0.326529375,0.198655957
678,0.2569272775,0.1655575205,0.3331574865,0.2443577155
679,0.2539576405,0.1970931775,0.276403323,0.272545859
680,0.248794555,0.2610379745,0.3008544365,0.189313034
681,0.2523145745,0.246280989,0.2172521705,0.284152266
682,0.210938484,0.2607375745,0.2243196225,0.304004319
683,0.307921866,0.15338467,0.266486682,0.272206782
684,0.2640904665,0.1325482165,0.282194112,0.321167205
685,0.140316366,0.282563984,0.3475030005,0.2296166495
686,0.236513685,0.245447463,0.271664251,0.246374601
687,0.193849651,0.215409455,0.315476231,0.275264663
688,0.150276865,0.310311538,0.2583361615,0.2810754355
689,0.2352863385,0.324870553,0.2499303255,0.189912783
690,0.2966185015,0.320739573,0.164036897,0.2186050285
691,0.2941190005,0.2293788635,0.230817866,0.24568427
692,0.1943528025,0.2858005335,0.2763600715,0.2434865925
693,0.216740455,0.268014306,0.1758423845,0.3394028545
694,0.264257048,0.306100957,0.171055124,0.258586871
695,0.1939843645,0.2373275565,0.265662535,0.303025544
696,0.135187956,0.2011305495,0.2575072205,0.406174274
697,0.2316643095,0.2533856955,0.2147295465,0.3002204485
698,0.202682102,0.253712031,0.29665392,0.246951947
699,0.2618703825,0.2236376675,0.3812359305,0.1332560195
700,0.262301733,0.3307500005,0.2867159055,0.120232361
701,0.195044008,0.287369035,0.27427574,0.243311217
702,0.2368284415,0.2364082155,0.255854726,0.270908617
703,0.1373575765,0.3373644115,0.1941958095,0.3310822025
704,0.284611909,0.250163765,0.2121723895,0.2530519365
705,0.228418684,0.303172486,0.2351550195,0.2332538105
706,0.200927776,0.2558359385,0.304081345,0.2391549405
707,0.333025079,0.192882079,0.2477669025,0.2263259395
708,0.2806855815,0.151412507,0.2874010495,0.280500862
709,0.1376334435,0.3070420245,0.329000702,0.22632383
710,0.126977299,0.2863156245,0.343202735,0.2435043415
711,0.2027404705,0.3483141265,0.21476452,0.234180883
712,0.235380608,0.2710151285,0.264519427,0.2290848365
713,0.3970825415,0.1445056195,0.158449966,0.299961873
714,0.212122461,0.3124165485,0.221281793,0.2541791975
715,0.2515913845,0.2265521085,0.2370472485,0.2848092585
716,0.151351652,0.236548779,0.288837774,0.323261795
717,0.2300551435,0.1140294665,0.389009068,0.266906322
718,0.2104667155,0.263772686,0.20751726,0.3182433385
719,0.1506685215,0.244489329,0.270405063,0.3344370865
720,0.2837561465,0.2203856445,0.2129929455,0.2828652635
721,0.2970597355,0.2387953495,0.2815272705,0.1826176445
722,0.2356876155,0.1543972305,0.2268955695,0.3830195845
723,0.1594026615,0.2738353755,0.301580638,0.265181325
724,0.1274956315,0.2633350605,0.3414421725,0.2677271355
725,0.3379748615,0.2255708865,0.257155918,0.179298334
726,0.1783839985,0.3183161125,0.231056196,0.272243693
727,0.264011157,0.236468992,0.249567872,0.249951979
728,0.332723633,0.1703213565,0.219554814,0.2774001965
729,0.227178037,0.2189274625,0.309932061,0.2439624395
730,0.243848433,0.2858957775,0.170940171,0.2993156185
731,0.222127974,0.2096673845,0.2399166345,0.328288007
732,0.2735377545,0.247025373,0.248697842,0.2307390305
733,0.3063233505,0.170445218,0.2599529305,0.263278501
734,0.1762179015,0.289287549,0.2566211105,0.277873439
735,0.170577041,0.2411085915,0.371750449,0.2165639185
736,0.2748743125,0.2096730125,0.3496494455,0.1658032295
737,0.1717978785,0.193165002,0.3460007905,0.289036329
738,0.251913936,0.301392753,0.209355873,0.237337438
739,0.2866333265,0.2011469085,0.1872930155,0.3249267495
740,0.179037303,0.3075571515,0.171876747,0.3415287985
741,0.232081481,0.228548291,0.269413812,0.269956416
742,0.2014733645,0.328722497,0.1543996795,0.315404459
743,0.2248624595,0.345275763,0.2050942755,0.224767502
