,P1AncestryProportion,P2AncestryProportion,P3AncestryProportion,P4AncestryProportion
0,0.57511497,0.279282675,0.0,0.145602355
1,0.012274435,0.361382265,0.385958605,0.240384695
2,0.194141235,0.27328748,0.06657314,0.465998145
3,0.035560865,0.857194635,0.069533775,0.037710725
4,0.5,0.08600844,0.23389398,0.18009758
5,0.0070906,0.66966559,0.149373465,0.173870345
6,0.282901475,0.206437335,0.23113257,0.27952862
7,0.14077749,0.06659915,0.0,0.79262336
8,0.0,0.119833065,0.271242835,0.6089241
9,0.03356956,0.452480665,0.02176787,0.492181905
10,0.10433001,0.384193115,0.241216245,0.27026063
11,0.22952049,0.164232415,0.44692514,0.159321955
12,0.0,0.03655077,0.28900705,0.67444218
13,0.24795874,0.19128094,0.03484045,0.52591987
14,0.1626362,0.091665765,0.46234753,0.283350505
15,0.34228457,0.00779139,0.573669245,0.076254795
16,0.32530122,0.177453275,0.497245505,0.0
17,0.27626075,0.05477257,0.507004705,0.161961975
18,0.30602299,0.21273738,0.43502738,0.04621225
19,0.063260945,0.730898075,0.093207085,0.112633895
20,0.467558215,0.10295932,0.320701065,0.1087814
21,0.16255346,0.09418211,0.67975815,0.06350628
22,0.0,0.349611715,0.650388285,0.0
23,0.0,0.127658115,0.644340885,0.228001
24,0.112979995,0.0,0.431203195,0.45581681
25,0.600501675,0.148532665,0.165385315,0.085580345
26,0.35046969,0.0,0.149396765,0.500133545
27,0.381478525,0.421164365,0.16858424,0.02877287
28,0.434986745,0.267051965,0.0,0.29796129
29,0.0,0.56309168,0.356740375,0.080167945
30,0.352447355,0.08631658,0.465710545,0.09552552
31,0.370899135,0.155763005,0.209065875,0.264271985
32,0.32081398,0.02741779,0.467180485,0.184587745
33,0.019418595,0.138752765,0.501620385,0.340208255
34,0.49492403,0.31219049,0.087136515,0.105748965
35,0.17694106,0.509719205,0.070903135,0.2424366
36,0.24780403,0.125581755,0.202612095,0.42400212
37,0.28301921,0.095235625,0.44810785,0.173637315
38,0.285934805,0.204242085,0.12313485,0.38668826
39,0.246653705,0.0,0.127374435,0.62597186
40,0.01962944,0.32108142,0.30420256,0.35508658
41,0.48000754,0.096253695,0.11234398,0.311394785
42,0.032935405,0.45913408,0.223232385,0.28469813
43,0.1604222,0.57464602,0.26493178,0.0
44,0.237774235,0.09042667,0.56335684,0.108442255
45,0.415376485,0.15205321,0.040826685,0.39174362
46,0.32286343,0.18889719,0.07254956,0.41568982
47,0.63384672,0.16520755,0.092694685,0.108251045
48,0.14884979,0.37995951,0.13007442,0.34111628
49,0.312504415,0.30705334,0.10191271,0.278529535
50,0.26781948,0.0,0.247805775,0.484374745
51,0.331392285,0.0,0.570151295,0.09845642
52,0.19962441,0.326904265,0.395696655,0.07777467
53,0.02398562,0.241079235,0.537745855,0.19718929
54,0.37719418,0.10833982,0.514466,0.0
55,0.395570195,0.09885203,0.33954278,0.166034995
56,0.4210224,0.016099145,0.45548186,0.107396595
57,0.331644755,0.093413775,0.19721261,0.37772886
58,0.0,0.314788715,0.449078445,0.23613284
59,0.27409567,0.065257445,0.3002984,0.360348485
60,0.126681795,0.534945005,0.227889135,0.110484065
61,0.545889085,0.22271651,0.091418915,0.13997549
62,0.21391243,0.250795535,0.22766279,0.307629245
63,0.31442685,0.319021125,0.21759709,0.148954935
64,0.0,0.334036285,0.605154735,0.06080898
65,0.057779015,0.077544355,0.127063685,0.737612945
66,0.044875205,0.455542865,0.471446715,0.028135215
67,0.581886085,0.111072485,0.09662765,0.21041378
68,0.433074395,0.01505285,0.366570435,0.18530232
69,0.49214369,0.0,0.194614075,0.313242235
70,0.36749669,0.36101544,0.043858335,0.227629535
71,0.0,0.07300168,0.16374996,0.76324836
72,0.22525036,0.11904848,0.334252505,0.321448655
73,0.431024695,0.48541277,0.0,0.083562535
74,0.191783875,0.016650605,0.299908055,0.491657465
75,0.79728943,0.191465485,0.011245085,0.0
76,0.996383295,0.003616705,0.0,0.0
77,0.386531635,0.09546504,0.518003325,0.0
78,0.323366445,0.161304045,0.51532951,0.0
79,0.383413475,0.0,0.19660525,0.419981275
80,0.29294229,0.321317095,0.101442845,0.28429777
81,0.67684283,0.0,0.32315717,0.0
82,0.257412975,0.506920995,0.112127485,0.123538545
83,0.843607815,0.039244765,0.04190253,0.07524489
84,0.625772235,0.16896767,0.205260095,0.0
85,0.29240115,0.27914071,0.42845814,0.0
86,0.306755185,0.29008057,0.07778196,0.325382285
87,0.38181072,0.11818928,0.16823613,0.33176387
88,0.102233205,0.38752661,0.089724795,0.42051539
89,0.07508828,0.141929975,0.334795265,0.44818648
90,0.0,0.116421545,0.20842986,0.675148595
91,0.069562765,0.46806236,0.110118155,0.35225672
92,0.0,0.051994575,0.5,0.448005425
93,0.259763305,0.740236695,0.0,0.0
94,0.589082435,0.057482235,0.32340158,0.03003375
95,0.29372236,0.10028275,0.243994245,0.362000645
96,0.33927916,0.07655809,0.483349145,0.100813605
97,0.259961405,0.428275195,0.290783385,0.020980015
98,0.080180855,0.263378865,0.210665435,0.445774845
99,0.0,0.82270847,0.15514627,0.02214526
100,0.281620395,0.0,0.58356873,0.134810875
101,0.188467615,0.0,0.45957944,0.351952945
102,0.224644205,0.0,0.25268736,0.522668435
103,0.16944172,0.158769245,0.052930915,0.61885812
104,0.57336888,0.094558535,0.138076975,0.19399561
105,0.20564606,0.328422785,0.465931155,0.0
106,0.28637552,0.366604945,0.167013775,0.18000576
107,0.120628425,0.14501114,0.36329835,0.371062085
108,0.049564655,0.334974305,0.019863775,0.595597265
109,0.0,0.013468565,0.61368089,0.372850545
110,0.12680818,0.17293021,0.637715975,0.062545635
111,0.36388361,0.41913891,0.099125175,0.117852305
112,0.14356069,0.02838849,0.406119315,0.421931505
113,0.28057924,0.15719698,0.351595005,0.210628775
114,0.503147725,0.0,0.284931955,0.21192032
115,0.0,0.247219865,0.2327433,0.520036835
116,0.55077964,0.241332905,0.18385835,0.024029105
117,0.0,0.33082393,0.63538459,0.03379148
118,0.12629855,0.06337592,0.673425685,0.136899845
119,0.185473175,0.414459545,0.215105855,0.184961425
120,0.29744015,0.07125834,0.262597055,0.368704455
121,0.28224806,0.099331795,0.11144642,0.506973725
122,0.475918705,0.321176055,0.119732565,0.083172675
123,0.26654287,0.37327665,0.110118155,0.250062325
124,0.26607265,0.300717635,0.433209715,0.0
125,0.26176197,0.19594046,0.375060445,0.167237125
126,0.252910285,0.246250195,0.360807485,0.140032035
127,0.53362948,0.018935655,0.447434865,0.0
128,0.67887619,0.0,0.143086415,0.178037395
129,0.355759305,0.0,0.12049677,0.523743925
130,0.068793865,0.177398605,0.580881285,0.172926245
131,0.44046529,0.06003384,0.20853656,0.29096431
132,0.094443015,0.108168005,0.183977565,0.613411415
133,0.183624495,0.334449005,0.36330236,0.11862414
134,0.0,0.719916405,0.167013775,0.11306982
135,0.3830497,0.304157455,0.312792845,0.0
136,0.29726349,0.139386795,0.07070104,0.492648675
137,0.209879465,0.21796937,0.347975715,0.22417545
138,0.014223085,0.472962825,0.406122625,0.106691465
139,0.489445285,0.18487914,0.15188045,0.173795125
140,0.03541717,0.0,0.68217292,0.28240991
141,0.03698225,0.0,0.469665945,0.493351805
142,0.158881475,0.0,0.526191505,0.31492702
143,0.321705355,0.0,0.450335285,0.22795936
144,0.5,0.05907469,0.44092531,0.0
145,0.0,0.600027115,0.24833509,0.151637795
146,0.763311435,0.0,0.16256264,0.074125925
147,0.146762555,0.141356325,0.5496959,0.16218522
148,0.24930427,0.253992045,0.33749322,0.159210465
149,0.0,0.17174972,0.41936688,0.4088834
150,0.03582389,0.05548489,0.72861611,0.18007511
151,0.23199425,0.36237213,0.40563362,0.0
152,0.3098221,0.13197781,0.34782225,0.21037784
153,0.05647257,0.0,0.51394133,0.4295861
154,0.402543385,0.235417005,0.10319669,0.25884292
155,0.26497701,0.488424755,0.0,0.246598235
156,0.5770004,0.08971564,0.0,0.33328396
157,0.404764375,0.095235625,0.39264277,0.10735723
158,0.13382825,0.26616211,0.063101605,0.536908035
159,0.45624377,0.00779139,0.47012187,0.06584297
160,0.692900175,0.193962225,0.1131376,0.0
161,0.1961697,0.182527155,0.35247089,0.268832255
162,0.09336213,0.343844435,0.484592515,0.07820092
163,0.426417195,0.037920225,0.364305535,0.171357045
164,0.29879481,0.098619155,0.32287745,0.279708585
165,0.31890225,0.1582512,0.212502575,0.310343975
166,0.2129963,0.0,0.507125515,0.279878185
167,0.00934705,0.0,0.664793675,0.325859275
168,0.363997375,0.12290996,0.34957411,0.163518555
169,0.220322545,0.06756712,0.158310125,0.55380021
170,0.038284925,0.033896205,0.58073175,0.34708712
171,0.0,0.0,0.720121815,0.279878185
172,0.077035715,0.14788619,0.706173395,0.0689047
173,0.17913487,0.091139685,0.197013555,0.53271189
174,0.211403435,0.18151876,0.449138375,0.15793943
175,0.234306175,0.0,0.647828205,0.11786562
176,0.370431535,0.117805005,0.51176346,0.0
177,0.13386982,0.09042667,0.76722478,0.00847873
178,0.386663435,0.551038655,0.06229791,0.0
179,0.14150431,0.374578925,0.166598315,0.31731845
180,0.16643581,0.0,0.354022205,0.479541985
181,0.4496175,0.075272885,0.102974805,0.37213481
182,0.32997585,0.135372735,0.256899935,0.27775148
183,0.137217855,0.585574325,0.0,0.27720782
184,0.30147749,0.48262317,0.155992065,0.059907275
185,0.791440675,0.17372091,0.0,0.034838415
186,0.16568186,0.4011093,0.14054517,0.29266367
187,0.15046912,0.0,0.52128552,0.32824536
188,0.13873273,0.430061135,0.431206135,0.0
189,0.0,0.38029365,0.071316485,0.548389865
190,0.154161575,0.523248125,0.3225903,0.0
191,0.289192355,0.615822665,0.09498498,0.0
192,0.26510827,0.1025401,0.20405073,0.4283009
193,0.02080798,0.58695359,0.39223843,0.0
194,0.012581795,0.248557445,0.674577735,0.064283025
195,0.47221198,0.38710211,0.14068591,0.0
196,0.17683404,0.245529235,0.39750231,0.180134415
197,0.058291795,0.408794805,0.35122355,0.18168985
198,0.27930095,0.08708401,0.130030425,0.503584615
199,0.83474347,0.0,0.16525653,0.0
200,0.680359185,0.160315855,0.067313535,0.092011425
201,0.434380975,0.1245728,0.0,0.441046225
202,0.19833995,0.413592295,0.388067755,0.0
203,0.448694975,0.44556812,0.005688585,0.10004832
204,0.12814577,0.18895246,0.28617674,0.39672503
205,0.663929955,0.284333395,0.0,0.05173665
206,0.183632065,0.353238855,0.209255985,0.253873095
207,0.21447176,0.241293995,0.26386716,0.280367085
208,0.332163845,0.30471671,0.363119445,0.0
209,0.39589247,0.265339145,0.186533155,0.15223523
210,0.19785404,0.47560042,0.155807635,0.170737905
211,0.284819035,0.414459995,0.30072097,0.0
212,0.04666896,0.65855411,0.10399628,0.19078065
213,0.24154817,0.130025325,0.52219814,0.106228365
214,0.578196705,0.337268765,0.08286592,0.00166861
215,0.12229378,0.0,0.0,0.87770622
216,0.21484825,0.50477555,0.0,0.2803762
217,0.009656185,0.03391683,0.181349415,0.77507757
218,0.0,0.08600844,0.465322595,0.448668965
219,0.047055805,0.900597155,0.05234704,0.0
220,0.547807125,0.269381245,0.05944059,0.12337104
221,0.01038586,0.5,0.42726797,0.06234617
222,0.4973938,0.0,0.360450185,0.142156015
223,0.159972105,0.562056015,0.27797188,0.0
224,0.38603066,0.43415469,0.17247522,0.00733943
225,0.093960565,0.30896028,0.020704425,0.57637473
226,0.032938795,0.362165775,0.0,0.60489543
227,0.335136735,0.0,0.5,0.164863265
228,0.72232708,0.200827585,0.076845335,0.0
229,0.535023205,0.166844595,0.174950705,0.123181495
230,0.28162177,0.181875745,0.0480656,0.488436885
231,0.185206945,0.50973444,0.0,0.305058615
232,0.31260726,0.0,0.09925382,0.58813892
233,0.0,0.28760649,0.3945542,0.31783931
234,0.146290545,0.23267051,0.092266075,0.52877287
235,0.561684275,0.0,0.184060555,0.25425517
236,0.16829782,0.3723388,0.43417889,0.02518449
237,0.141322315,0.326460235,0.5,0.03221745
238,0.698340465,0.146760815,0.01492323,0.13997549
239,0.30332378,0.18001525,0.26730773,0.24935324
240,0.5,0.415760605,0.084239395,0.0
241,0.205605975,0.20383506,0.47535461,0.115204355
242,0.61549009,0.0,0.0733038,0.31120611
243,0.269580985,0.123841715,0.03757029,0.56900701
244,0.27836392,0.465169305,0.256466775,0.0
245,0.49393316,0.1989876,0.30707924,0.0
246,0.058068915,0.49725451,0.247240675,0.1974359
247,0.175071635,0.713042535,0.11188583,0.0
248,0.2510785,0.33897601,0.222850285,0.187095205
249,0.406684945,0.433538095,0.15977696,0.0
250,0.12903412,0.28166737,0.21833263,0.37096588
251,0.577141705,0.356960185,0.0,0.06589811
252,0.621645525,0.0,0.170647655,0.20770682
253,0.330255125,0.64046617,0.007499085,0.02177962
254,0.390534615,0.201070125,0.113831835,0.294563425
255,0.09479844,0.19634181,0.550554305,0.158305445
256,0.180632735,0.49966242,0.10890064,0.210804205
257,0.23494382,0.255979165,0.150609385,0.35846763
258,0.141433105,0.38866319,0.21120369,0.258700015
259,0.39126375,0.24004775,0.34629427,0.02239423
260,0.411983985,0.40119892,0.13893408,0.047883015
261,0.41904583,0.085279555,0.44617699,0.049497625
262,0.33520914,0.225108825,0.024047,0.415635035
263,0.0,0.07676757,0.490690095,0.432542335
264,0.07669548,0.50188974,0.036163265,0.385251515
265,0.328565805,0.16191244,0.23964085,0.269880905
266,0.19259128,0.099512285,0.684388645,0.02350779
267,0.93415703,0.0,0.0,0.06584297
268,0.024226525,0.520133405,0.05826348,0.39737659
269,0.334312285,0.16585515,0.209640395,0.29019217
270,0.19362118,0.32683155,0.288283135,0.191264135
271,0.23394002,0.410178305,0.2190442,0.136837475
272,0.046604035,0.38693018,0.09604727,0.470418515
273,0.003354275,0.10262948,0.65928235,0.234733895
274,0.14541999,0.106786455,0.572999945,0.17479361
275,0.093833865,0.42349334,0.46119028,0.021482515
276,0.023592485,0.75713379,0.219273725,0.0
277,0.023409825,0.014419125,0.58984249,0.37232856
278,0.45786459,0.153794465,0.164098565,0.22424238
279,0.02890438,0.41700047,0.428193185,0.125901965
280,0.03692725,0.393843755,0.33128485,0.237944145
281,0.62388598,0.018220245,0.24338243,0.114511345
282,0.0,0.183243965,0.816756035,0.0
283,0.32525189,0.382241375,0.092678355,0.19982838
284,0.32672156,0.291774495,0.381503945,0.0
285,0.25054016,0.15599894,0.51370288,0.07975802
286,0.11942698,0.0,0.88057302,0.0
287,0.142012495,0.14854012,0.668828715,0.04061867
288,0.0,0.29242875,0.646150065,0.061421185
289,0.358948535,0.00627783,0.634773635,0.0
290,0.065244255,0.602073585,0.33163518,0.00104698
291,0.17764298,0.25092552,0.27564849,0.29578301
292,0.446677405,0.157741515,0.0,0.39558108
293,0.023357105,0.180218145,0.43522716,0.36119759
294,0.181378325,0.08901914,0.557595505,0.17200703
295,0.24641015,0.22033435,0.019863775,0.513391725
296,0.575415805,0.070412845,0.0,0.35417135
297,0.049269065,0.08520391,0.630313185,0.23521384
298,0.45788632,0.128168835,0.0,0.413944845
299,0.0,0.02774667,0.47225333,0.5
300,0.07612989,0.12004198,0.502718005,0.301110125
301,0.08009592,0.11956749,0.61040663,0.18992996
302,0.534695655,0.25492179,0.0,0.210382555
303,0.402596695,0.33282707,0.08772771,0.176848525
304,0.354675465,0.042384945,0.469920315,0.133019275
305,0.214329545,0.162068235,0.352364165,0.271238055
306,0.4624134,0.268309445,0.14056815,0.128709005
307,0.08966395,0.00967549,0.18968794,0.71097262
308,0.0,0.483195995,0.083377145,0.43342686
309,0.15086146,0.318100885,0.531037655,0.0
310,0.677810445,0.2162679,0.0,0.105921655
311,0.028000535,0.279004265,0.37212696,0.32086824
312,0.43999079,0.36580459,0.0,0.19420462
313,0.0,0.35830065,0.336699325,0.305000025
314,0.3815817,0.04341097,0.57500733,0.0
315,0.3887729,0.23750786,0.294393675,0.079325565
316,0.484973745,0.498717425,0.0,0.01630883
317,0.638173065,0.161228925,0.06553501,0.135063
318,0.35044684,0.094278775,0.55347516,0.001799225
319,0.0,0.465065045,0.528714215,0.00622074
320,0.0,0.28525488,0.14559175,0.56915337
321,0.086456435,0.089481605,0.090037515,0.734024445
322,0.22940897,0.0,0.27059103,0.5
323,0.176968925,0.77573273,0.047298345,0.0
324,0.42275116,0.114513955,0.03763357,0.425101315
325,0.40746384,0.051505545,0.443185175,0.09784544
326,0.00814106,0.48701415,0.238257675,0.266587115
327,0.335311155,0.167164625,0.25377902,0.2437452
328,0.146290545,0.4709472,0.07698017,0.305782085
329,0.1694967,0.335682225,0.26991237,0.224908705
330,0.187005625,0.45934341,0.09875609,0.254894875
331,0.4298963,0.086604885,0.30020132,0.183297495
332,0.371290585,0.023248125,0.540530025,0.064931265
333,0.073554095,0.23596354,0.56809484,0.122387525
334,0.20710964,0.06901481,0.332954745,0.390920805
335,0.29532629,0.204660895,0.3372621,0.162750715
336,0.33538644,0.096788335,0.45257797,0.115247255
337,0.67946709,0.210569455,0.004531615,0.10543184
338,0.190715865,0.444707705,0.0,0.36457643
339,0.046637315,0.48239958,0.36645552,0.104507585
340,0.397332565,0.479153495,0.12351394,0.0
341,0.16891378,0.49145819,0.33962803,0.0
342,0.224875595,0.4183568,0.248767025,0.10800058
343,0.44595724,0.39680952,0.125229825,0.032003415
344,0.017955985,0.57802106,0.326512495,0.07751046
345,0.10323994,0.00868545,0.385035365,0.503039245
346,0.20377456,0.077113875,0.34547758,0.373633985
347,0.397093295,0.16473431,0.438172395,0.0
348,0.30631245,0.053763575,0.350820655,0.28910332
349,0.35455997,0.266420825,0.105929545,0.27308966
350,0.418319735,0.05106391,0.5,0.030616355
351,0.256382685,0.186595235,0.4316529,0.12536918
352,0.47190688,0.357485125,0.145306665,0.02530133
353,0.296851315,0.029748505,0.26585583,0.40754435
354,0.04599688,0.350024955,0.50621927,0.097758895
355,0.408326125,0.108310775,0.4833631,0.0
356,0.09941601,0.5,0.40058399,0.0
357,0.35158877,0.44493281,0.107632475,0.095845945
358,0.58006736,0.0,0.0,0.41993264
359,0.0,0.4423101,0.5576899,0.0
360,0.41721559,0.0,0.22101935,0.36176506
361,0.02571492,0.54038637,0.08378337,0.35011534
362,0.534038825,0.315597235,0.15036394,0.0
363,0.433419795,0.50224479,0.0,0.064335415
364,0.25325788,0.0,0.601048275,0.145693845
365,0.397820825,0.336690735,0.05782335,0.20766509
366,0.319622625,0.13490544,0.12344068,0.422031255
367,0.34881262,0.57354237,0.0,0.07764501
368,0.27186327,0.2639282,0.00854427,0.45566426
369,0.042870655,0.457129345,0.0,0.5
370,0.31246198,0.076595275,0.150812885,0.46012986
371,0.197478085,0.222427805,0.516895035,0.063199075
372,0.21520809,0.0,0.302471045,0.482320865
373,0.14989505,0.199012425,0.414898815,0.23619371
374,0.24821335,0.19141902,0.28239365,0.27797398
375,0.31359832,0.17904558,0.380759895,0.126596205
376,0.434906275,0.07283851,0.38895239,0.103302825
377,0.384552465,0.51896007,0.04803361,0.048453855
378,0.0,0.157142755,0.66881986,0.174037385
379,0.314229785,0.27578245,0.03923526,0.370752505
380,0.276517745,0.045962445,0.38428062,0.29323919
381,0.36112581,0.10337357,0.47352859,0.06197203
382,0.628987415,0.07048047,0.247530875,0.05300124
383,0.131004725,0.271743695,0.276847795,0.320403785
384,0.040717205,0.08122209,0.530555995,0.34750471
385,0.42540134,0.244168305,0.100459755,0.2299706
386,0.634754465,0.13284669,0.232398845,0.0
387,0.30496168,0.07564916,0.24961136,0.3697778
388,0.31961338,0.345185735,0.335200885,0.0
389,0.545081055,0.0,0.07811189,0.376807055
390,0.07985923,0.41871166,0.0,0.50142911
391,0.043520545,0.38339608,0.573083375,0.0
392,0.125601265,0.291532815,0.13296365,0.44990227
393,0.493647075,0.35006263,0.156290295,0.0
394,0.356176895,0.23725309,0.33334923,0.073220785
395,0.11893634,0.586500235,0.0,0.294563425
396,0.130364615,0.319836605,0.12208162,0.42771716
397,0.474209115,0.034844795,0.09642939,0.3945167
398,0.03659866,0.097022925,0.216223355,0.65015506
399,0.108241445,0.097107965,0.35282634,0.44182425
400,0.302516065,0.14328395,0.30199989,0.252200095
401,0.112440925,0.21370208,0.61452004,0.059336955
402,0.24986836,0.0,0.38792157,0.36221007
403,0.507043165,0.039469665,0.063781025,0.389706145
404,0.016520435,0.56113256,0.148822885,0.27352412
405,0.129168145,0.39156728,0.292059085,0.18720549
406,0.29522464,0.621279355,0.073593165,0.00990284
407,0.293759625,0.3557066,0.350533775,0.0
408,0.28282958,0.16337247,0.463892435,0.089905515
409,0.051835685,0.119023155,0.675225165,0.153915995
410,0.429117205,0.5,0.0,0.070882795
411,0.254138765,0.01189219,0.26204079,0.471928255
412,0.0,0.03285566,0.49835133,0.46879301
413,0.13506512,0.439556365,0.425378515,0.0
414,0.479797805,0.096270915,0.141554,0.28237728
415,0.22092878,0.17153536,0.26727961,0.34025625
416,0.569009305,0.127658115,0.0,0.30333258
417,0.090365265,0.56810353,0.12280995,0.218721255
418,0.456611265,0.03925718,0.45354631,0.050585245
419,0.052684085,0.149340845,0.31376245,0.48421262
420,0.55677336,0.156355435,0.286871205,0.0
421,0.335937655,0.5,0.164062345,0.0
422,0.38245033,0.04240611,0.57514356,0.0
423,0.141980345,0.280478625,0.167900935,0.409640095
424,0.60440646,0.0,0.39559354,0.0
425,0.638439415,0.06267477,0.11592716,0.182958655
426,0.73594747,0.02146104,0.0,0.24259149
427,0.383502555,0.03822884,0.13385426,0.444414345
428,0.0,0.31688976,0.361874465,0.321235775
429,0.0,0.0,0.81850586,0.18149414
430,0.12287771,0.41315117,0.0,0.46397112
431,0.238383625,0.172413555,0.199496675,0.389706145
432,0.323662075,0.059289285,0.61704864,0.0
433,0.39584893,0.34877269,0.25537838,0.0
434,0.38328897,0.043084075,0.117203305,0.45642365
435,0.581201935,0.09468878,0.0,0.324109285
436,0.30030008,0.164912025,0.5,0.034787895
437,0.0,0.2961288,0.44132799,0.26254321
438,0.730445825,0.088631475,0.06136195,0.11956075
439,0.120104025,0.44667867,0.30400592,0.129211385
440,0.0,0.29542638,0.70457362,0.0
441,0.0,0.834036285,0.165963715,0.0
442,0.15926772,0.0,0.1499211,0.69081118
443,0.011320495,0.21264025,0.602418685,0.17362057
444,0.38962301,0.09327933,0.133425855,0.383671805
445,0.130028935,0.451961385,0.26586483,0.15214485
446,0.129243525,0.03197956,0.122739085,0.71603783
447,0.15872786,0.32790078,0.17209922,0.34127214
448,0.45555467,0.26774901,0.0,0.27669632
449,0.12134948,0.60350591,0.022364475,0.252780135
450,0.77663281,0.22336719,0.0,0.0
451,0.67182551,0.32817449,0.0,0.0
452,0.22141671,0.285266175,0.493317115,0.0
453,0.409933905,0.14066935,0.31637186,0.133024885
454,0.191816105,0.06199241,0.64173081,0.104460675
455,0.05314791,0.094495355,0.239127865,0.61322887
456,0.04418319,0.0,0.547058375,0.408758435
457,0.64258363,0.17852958,0.081736705,0.097150085
458,0.496383295,0.16819348,0.3146007,0.020822525
459,0.21420885,0.29432833,0.252162895,0.239299925
460,0.270279285,0.15431095,0.41404146,0.161368305
461,0.02000126,0.13075938,0.467591875,0.381647485
462,0.05142232,0.1669362,0.400494375,0.381147105
463,0.42176126,0.44733086,0.0,0.13090788
464,0.32815369,0.5896281,0.023656525,0.058561685
465,0.16995169,0.41989005,0.08010995,0.33004831
466,0.206026255,0.09911601,0.340452985,0.35440475
467,0.46345576,0.0,0.1952721,0.34127214
468,0.379197045,0.195476135,0.15702078,0.26830604
469,0.186034765,0.23683373,0.227350915,0.34978059
470,0.0,0.0,0.89761588,0.10238412
471,0.368076325,0.0,0.0,0.631923675
472,0.11253001,0.45583442,0.25134302,0.18029255
473,0.390304285,0.29909245,0.20090755,0.109695715
474,0.10605357,0.15223591,0.57748013,0.16423039
475,0.00876099,0.130923105,0.63211747,0.228198435
476,0.168887255,0.477176295,0.3017302,0.05220625
477,0.348548285,0.401422095,0.10055032,0.1494793
478,0.0,0.23796135,0.40055898,0.36147967
479,0.291104065,0.233149165,0.47574677,0.0
480,0.21209745,0.319941575,0.26495043,0.203010545
481,0.34286076,0.184081845,0.182074885,0.29098251
482,0.083529125,0.383770505,0.44782113,0.08487924
483,0.126230535,0.3344437,0.539325765,0.0
484,0.174414665,0.66047492,0.141602625,0.02350779
485,0.050565035,0.01634297,0.585439325,0.34765267
486,0.136804415,0.1375864,0.11198535,0.613623835
487,0.411728515,0.19775658,0.07778196,0.312732945
488,0.108955925,0.362165775,0.38040668,0.14847162
489,0.0,0.25397348,0.264401395,0.481625125
490,0.393529175,0.454259725,0.007206925,0.145004175
491,0.81202372,0.079405895,0.102667435,0.00590295
492,0.03853335,0.591149445,0.15648177,0.213835435
493,0.6268453,0.126556465,0.0,0.246598235
494,0.480101645,0.31832126,0.201577095,0.0
495,0.130364615,0.119833065,0.012642145,0.737160175
496,0.19065404,0.116331475,0.351101445,0.34191304
497,0.25074751,0.32907595,0.23443647,0.18574007
498,0.046675805,0.319391955,0.51243236,0.12149988
499,0.76053212,0.0,0.23946788,0.0
500,0.486786145,0.377771275,0.13544258,0.0
501,0.26561763,0.60289644,0.051910155,0.079575775
502,0.37293472,0.04341097,0.226305615,0.357348695
503,0.351542725,0.114138925,0.224071335,0.310247015
504,0.20910244,0.10447441,0.03035508,0.65606807
505,0.3830497,0.1169503,0.46620852,0.03379148
506,0.33961626,0.138514825,0.50539761,0.016471305
507,0.576109965,0.0,0.173302755,0.25058728
508,0.39136113,0.25176896,0.35686991,0.0
509,0.195901815,0.40660392,0.387824035,0.00967023
510,0.389274685,0.060613835,0.205943765,0.344167715
511,0.970987755,0.0,0.0,0.029012245
512,0.344270165,0.223239675,0.05693263,0.37555753
513,0.45850895,0.195453615,0.228164295,0.11787314
514,0.865203875,0.134796125,0.0,0.0
515,0.065705525,0.38439635,0.29040349,0.259494635
516,0.598357945,0.162068235,0.21839809,0.02117573
517,0.360262325,0.369774515,0.156515135,0.113448025
518,0.03066376,0.12092634,0.117212715,0.731197185
519,0.253187375,0.55208942,0.14029341,0.054429795
520,0.49344812,0.30627577,0.064924345,0.135351765
521,0.14356561,0.08994526,0.65409104,0.11239809
522,0.204802095,0.22405945,0.294267285,0.27687117
523,0.3553361,0.110767415,0.369603355,0.16429313
524,0.19081773,0.325307585,0.408493785,0.0753809
525,0.303417225,0.411703605,0.088296395,0.196582775
526,0.0793437,0.197949245,0.722707055,0.0
527,0.0,0.69760869,0.30239131,0.0
528,0.619456975,0.14097086,0.166196575,0.07337559
529,0.0,0.39601178,0.43138314,0.17260508
530,0.45892732,0.073723715,0.37995898,0.087389985
531,0.0,0.234382965,0.51846011,0.247156925
532,0.08898853,0.3528395,0.16465957,0.3935124
533,0.0,0.41974494,0.58025506,0.0
534,0.24976807,0.171145505,0.25016773,0.328918695
535,0.684723025,0.05164298,0.051627465,0.21200653
536,0.093283965,0.304869155,0.571230525,0.030616355
537,0.34916224,0.58069104,0.07014672,0.0
538,0.339510935,0.077784165,0.458499075,0.124205825
539,0.21929845,0.197892895,0.36646659,0.216342065
540,0.015387375,0.073723715,0.478103575,0.432785335
541,0.157677755,0.19044991,0.276597055,0.37527528
542,0.67989754,0.309605055,0.010497405,0.0
543,0.0,0.28279351,0.71720649,0.0
544,0.187784455,0.221937435,0.1729602,0.41731791
545,0.67763434,0.233358215,0.0,0.089007445
546,0.0,0.0,0.523629595,0.476370405
547,0.38791211,0.0,0.55901303,0.05307486
548,0.48278405,0.33181531,0.0,0.18540064
549,0.04035373,0.147380395,0.3835956,0.428670275
550,0.33047126,0.0554276,0.30647046,0.30763068
551,0.15096722,0.261810075,0.556132675,0.03109003
552,0.0,0.128140245,0.835605255,0.0362545
553,0.10157652,0.44173652,0.314530945,0.142156015
554,0.17924659,0.5510831,0.26967031,0.0
555,0.112660415,0.402249735,0.08665909,0.39843076
556,0.090365265,0.25492179,0.255291425,0.39942152
557,0.49323047,0.23205683,0.2747127,0.0
558,0.504235745,0.196543405,0.26222373,0.03699712
559,0.0,0.20831116,0.53860507,0.25308377
560,0.541292875,0.23680154,0.092415765,0.12948982
561,0.221104695,0.640320315,0.0,0.13857499
562,0.115627505,0.38178917,0.502583325,0.0
563,0.045802855,0.345415965,0.574842085,0.033939095
564,0.138035025,0.285358045,0.2246271,0.35197983
565,0.069009305,0.16108419,0.29312287,0.476783635
566,0.061143355,0.29821362,0.42154297,0.219100055
567,0.412451935,0.351468395,0.0058716,0.23020807
568,0.384900395,0.2809654,0.04883646,0.285297745
569,0.13615606,0.2549433,0.60890064,0.0
570,0.343840925,0.065864725,0.50818755,0.0821068
571,0.13472919,0.31441054,0.19979168,0.35106859
572,0.307223755,0.24374018,0.34656234,0.102473725
573,0.5,0.48541277,0.0,0.01458723
574,0.094776585,0.5,0.17561507,0.229608345
575,0.0,0.04834261,0.86620176,0.08545563
576,0.15879972,0.458702235,0.382498045,0.0
577,0.072878325,0.0,0.612621985,0.31449969
578,0.60008959,0.077449725,0.21305523,0.109405455
579,0.698679275,0.0,0.21717939,0.084141335
580,0.39753015,0.417317355,0.125003935,0.06014856
581,0.49198569,0.09385453,0.11764368,0.2965161
582,0.077096605,0.32919202,0.258413565,0.33529781
583,0.366081535,0.47656413,0.157354335,0.0
584,0.403908725,0.0,0.596091275,0.0
585,0.05645872,0.23596444,0.5,0.20757684
586,0.16641408,0.25171123,0.03373677,0.54813792
587,0.12581047,0.0,0.726178815,0.148010715
588,0.296196785,0.116755095,0.384369985,0.202678135
589,0.9443605,0.0,0.0,0.0556395
590,0.79678778,0.04827574,0.15493648,0.0
591,0.27634479,0.256884555,0.16122237,0.305548285
592,0.0,0.737228585,0.162723095,0.10004832
593,0.13086313,0.098619155,0.2203533,0.550164415
594,0.05067901,0.458507065,0.282720475,0.20809345
595,0.345524975,0.25239452,0.402080505,0.0
596,0.52992584,0.200728465,0.235022725,0.03432297
597,0.44047824,0.15835291,0.19272946,0.20843939
598,0.2663454,0.39775113,0.3149233,0.02098017
599,0.23329314,0.06914161,0.65688388,0.04068137
600,0.0,0.10916869,0.60516507,0.28566624
601,0.37461803,0.0,0.29713661,0.32824536
602,0.04693051,0.51834737,0.265890585,0.168831535
603,0.7402567,0.0,0.09134605,0.16839725
604,0.239308425,0.23267051,0.43386108,0.094159985
605,0.80457531,0.0,0.03098884,0.16443585
606,0.0,0.698381815,0.301618185,0.0
607,0.0,0.5,0.12878183,0.37121817
608,0.18533081,0.0,0.6052119,0.20945729
609,0.41480547,0.5,0.075940865,0.009253665
610,0.426404055,0.181438255,0.307294355,0.084863335
611,0.07809636,0.538766525,0.071866815,0.3112703
612,0.218829415,0.64521927,0.135951315,0.0
613,0.16996109,0.22404402,0.5,0.10599489
614,0.172292725,0.02825879,0.175783795,0.62366469
615,0.67587824,0.14265139,0.18147037,0.0
616,0.069562765,0.603367445,0.32706979,0.0
617,0.277936735,0.433723165,0.030764815,0.257575285
618,0.128524025,0.22114051,0.0,0.650335465
619,0.586039235,0.179339695,0.23462107,0.0
620,0.261892735,0.40371816,0.334389105,0.0
621,0.253108565,0.16638936,0.230939485,0.34956259
622,0.72485603,0.21309911,0.03608916,0.0259557
623,0.21003723,0.349095755,0.440867015,0.0
624,0.48152574,0.199362045,0.143837,0.175275215
625,0.496383295,0.003616705,0.0,0.5
626,0.4056682,0.28233308,0.133215345,0.178783375
627,0.158425715,0.502276715,0.0,0.33929757
628,0.137022775,0.0,0.720700865,0.14227636
629,0.29419955,0.144264575,0.40232541,0.159210465
630,0.35591931,0.064383235,0.473499885,0.10619757
631,0.00409984,0.126005565,0.19721261,0.672681985
632,0.470857565,0.14610736,0.275398325,0.10763675
633,0.17407311,0.4292877,0.17072508,0.22591411
634,0.089648355,0.251992145,0.0,0.6583595
635,0.23893895,0.16720337,0.564106045,0.029751635
636,0.01330884,0.145512685,0.772888635,0.06828984
637,0.16394547,0.31709889,0.51895564,0.0
638,0.3005581,0.33253496,0.014918895,0.351988045
639,0.17903543,0.110735515,0.398958755,0.3112703
640,0.0,0.42337868,0.34666313,0.22995819
641,0.234662945,0.090900295,0.330065535,0.344371225
642,0.602687535,0.038095915,0.0,0.35921655
643,0.334497535,0.387284295,0.27821817,0.0
644,0.05074918,0.54603986,0.00052409,0.40268687
645,0.52518158,0.254445925,0.220372495,0.0
646,0.539229395,0.24684012,0.0733038,0.140626685
647,0.52527038,0.0,0.410265215,0.064464405
648,0.109837275,0.029748505,0.323480505,0.536933715
649,0.017991445,0.441448985,0.43027118,0.11028839
650,0.3256677,0.287415995,0.123440265,0.26347604
651,0.634926975,0.262272195,0.0408288,0.06197203
652,0.3644545,0.446455505,0.06774462,0.121345375
653,0.0,0.147286285,0.077994185,0.77471953
654,0.0,0.161231615,0.663614985,0.1751534
655,0.17621605,0.24912215,0.276710455,0.297951345
656,0.642002475,0.1949483,0.06776463,0.095284595
657,0.26824293,0.210564745,0.4576587,0.063533625
658,0.449986395,0.104946455,0.25358349,0.19148366
659,0.077096605,0.340310165,0.38820429,0.19438894
660,0.0,0.05171566,0.73667643,0.21160791
661,0.45095674,0.0131346,0.361511605,0.174397055
662,0.0,0.051518135,0.880488185,0.06799368
663,0.34717333,0.0,0.462672485,0.190154185
664,0.418518765,0.5,0.081481235,0.0
665,0.095994765,0.36464568,0.162789145,0.37657041
666,0.244559605,0.44437358,0.0651788,0.245888015
667,0.0,0.097104195,0.51301396,0.389881845
668,0.0,0.113072755,0.833852385,0.05307486
669,0.067336905,0.2692129,0.5,0.163450195
670,0.39478182,0.334126565,0.185754865,0.08533675
671,0.012332965,0.08457638,0.177455595,0.72563506
672,0.453948655,0.07082711,0.475224235,0.0
673,0.299685955,0.12779009,0.126261925,0.44626203
674,0.29052803,0.060422295,0.0,0.649049675
675,0.697035685,0.06013054,0.242833775,0.0
676,0.265400255,0.187225875,0.248310405,0.299063465
677,0.38203569,0.224571105,0.393393205,0.0
678,0.393942065,0.33798107,0.268076865,0.0
679,0.131919415,0.36319617,0.189749295,0.31513512
680,0.742907725,0.056215295,0.13890495,0.06197203
681,0.4143533,0.06837799,0.14290701,0.3743617
682,0.3220952,0.50082122,0.17708358,0.0
683,0.622942335,0.121879265,0.13477325,0.12040515
684,0.205933565,0.05865413,0.07778196,0.657630345
685,0.0,0.74816608,0.150383665,0.101450255
686,0.07703956,0.51225421,0.192777125,0.217929105
687,0.01022419,0.520295205,0.40957333,0.059907275
688,0.25717876,0.15873465,0.25584123,0.32824536
689,0.032205185,0.471846495,0.279373,0.21657532
690,0.19683676,0.490718195,0.312445045,0.0
691,0.603253065,0.34555704,0.051189895,0.0
692,0.00163973,0.74025662,0.210665435,0.047438215
693,0.413571215,0.118759295,0.036050045,0.431619445
694,0.045287485,0.389980325,0.473159905,0.091572285
695,0.196669165,0.24892704,0.27736711,0.277036685
696,0.154528255,0.0,0.345471745,0.5
697,0.44071166,0.32698646,0.077730255,0.154571625
698,0.13615606,0.28794969,0.53087547,0.04501878
699,0.25548462,0.69959703,0.01614548,0.02877287
700,0.28053092,0.02825879,0.54262172,0.14858857
701,0.0,0.582320005,0.362456355,0.05522364
702,0.316935325,0.0,0.33129443,0.351770245
703,0.17595363,0.38191465,0.175460125,0.266671595
704,0.166735135,0.3657703,0.32466098,0.142833585
705,0.747043695,0.12659035,0.126365955,0.0
706,0.314878145,0.251501515,0.13041847,0.30320187
707,0.19603873,0.40073533,0.40322594,0.0
708,0.306016695,0.202693105,0.38367343,0.10761677
709,0.0,0.209777545,0.42292649,0.367295965
710,0.07367314,0.095235625,0.831091235,0.0
711,0.3981375,0.1018625,0.081053965,0.418946035
712,0.36864659,0.1599831,0.0,0.47137031
713,0.40767446,0.111787985,0.40641163,0.074125925
714,0.187389955,0.46146665,0.351143395,0.0
715,0.2233428,0.086500235,0.39559354,0.294563425
716,0.025339065,0.0108724,0.522041415,0.44174712
717,0.0,0.21614536,0.5,0.28385464
718,0.29430482,0.36079061,0.34490457,0.0
719,0.027743445,0.5,0.173976695,0.29827986
720,0.59138711,0.18368882,0.1590811,0.06584297
721,0.69688138,0.09099454,0.137779475,0.074344605
722,0.0,0.065257445,0.5,0.434742555
723,0.547308975,0.02978105,0.197305975,0.225604
724,0.5,0.0,0.5,0.0
725,0.62130167,0.19722796,0.18147037,0.0
726,0.06685208,0.20731244,0.313431355,0.412404125
727,0.31878373,0.401770475,0.12120018,0.158245615
728,0.40627159,0.180010105,0.091383555,0.32233475
729,0.05760971,0.24621656,0.672741175,0.023432555
730,0.10590647,0.0,0.763002515,0.131091015
731,0.132999935,0.0,0.48236437,0.384635695
732,0.24210521,0.49822522,0.0,0.25966957
733,0.067358875,0.30419744,0.628443685,0.0
734,0.45123616,0.45959857,0.002833615,0.086331655
735,0.25031613,0.481710405,0.16264855,0.105324915
736,0.08497654,0.1845211,0.008861175,0.721641185
737,0.0833565,0.0,0.58565536,0.33098814
738,0.35963892,0.492979175,0.14036108,0.007020825
739,0.61228592,0.21009183,0.123009845,0.054612405
740,0.228174855,0.465050875,0.038538015,0.268236255
741,0.5595096,0.23395426,0.086286015,0.120250125
742,0.34842675,0.37382523,0.17239191,0.10535611
743,0.021476165,0.094495355,0.41973683,0.46429165
744,0.015505105,0.423259285,0.152062405,0.409173205
745,0.351881755,0.02263988,0.54924064,0.076237725
746,0.40558067,0.36155473,0.2328646,0.0
747,0.40818681,0.19118915,0.2557661,0.14485794
748,0.093540525,0.67481371,0.126750335,0.10489543
749,0.12090978,0.57274071,0.271826585,0.034522925
750,0.10870672,0.25293048,0.26105323,0.37730957
751,0.039962675,0.032745735,0.63766005,0.28963154
752,0.52261884,0.278558755,0.13835437,0.060468035
753,0.21285069,0.0158735,0.512825895,0.258449915
754,0.478632745,0.08827526,0.085439325,0.34765267
755,0.87168663,0.12831337,0.0,0.0
756,0.600365675,0.25375653,0.027799675,0.11807812
757,0.0,0.0,0.269656545,0.730343455
758,0.44444951,0.24206222,0.17387703,0.13961124
759,0.11937566,0.39300885,0.052108425,0.435507065
760,0.803357465,0.00702666,0.0,0.189615875
761,0.49612304,0.0,0.5,0.00387696
762,0.0,0.15811815,0.208631865,0.633249985
763,0.129168145,0.166188335,0.541314935,0.163328585
764,0.40045518,0.342223715,0.190052505,0.0672686
765,0.05504758,0.29385973,0.65109269,0.0
766,0.306831015,0.129667495,0.294130385,0.269371105
767,0.4479099,0.242534625,0.146841805,0.16271367
768,0.59331858,0.38853116,0.01815026,0.0
769,0.157635605,0.237222545,0.19918766,0.40595419
770,0.048428815,0.35969039,0.16087341,0.431007385
771,0.36051557,0.10953435,0.31164095,0.21830913
772,0.247100575,0.032826635,0.303057155,0.417015635
773,0.223620565,0.297452485,0.445563585,0.033363365
774,0.456250945,0.005773225,0.53797583,0.0
775,0.12638966,0.03654496,0.12971165,0.70735373
776,0.10737938,0.38648551,0.34332142,0.16281369
777,0.30526974,0.367875745,0.308740005,0.01811451
778,0.079937865,0.028304425,0.17314383,0.71861388
779,0.229056575,0.0,0.5,0.270943425
780,0.208018305,0.0,0.419942335,0.37203936
781,0.302950225,0.524170045,0.012277265,0.160602465
782,0.0,0.59234288,0.347477415,0.060179705
783,0.013769425,0.041459365,0.19949093,0.74528028
784,0.29821919,0.25622419,0.339309525,0.106247095
785,0.400703455,0.14590058,0.09604727,0.357348695
786,0.105251525,0.2283115,0.355166675,0.3112703
787,0.413929405,0.10035644,0.47222524,0.013488915
788,0.419672465,0.467987165,0.074214935,0.038125435
789,0.619244175,0.0,0.0,0.380755825
790,0.136741615,0.099338035,0.76392035,0.0
791,0.319306365,0.0891096,0.49910445,0.092479585
792,0.0,0.0,0.12085609,0.87914391
793,0.446314025,0.429725,0.02002971,0.103931265
794,0.010930855,0.48711407,0.001955075,0.5
795,0.405195355,0.323539075,0.12827647,0.1429891
796,0.637888235,0.000222085,0.09698988,0.2648998
797,0.14876019,0.416964565,0.058999965,0.37527528
798,0.15922952,0.478269135,0.192379325,0.17012202
799,0.29509882,0.13241933,0.55161335,0.0208685
800,0.165499615,0.302014465,0.29865264,0.23383328
801,0.37286449,0.12713551,0.317489295,0.182510705
802,0.717574625,0.200650565,0.08177481,0.0
803,0.01169721,0.507039195,0.17256562,0.308697975
804,0.13830076,0.628359395,0.0,0.233339845
805,0.5243378,0.10603204,0.0,0.36963016
806,0.09136335,0.14231793,0.372420385,0.393898335
807,0.76292065,0.208869905,0.027799675,0.00040977
808,0.25943434,0.22225432,0.0,0.51831134
809,0.834024945,0.09418211,0.0,0.071792945
810,0.241902625,0.63495952,0.04841566,0.074722195
811,0.14086487,0.175182445,0.27066683,0.413285855
812,0.734995145,0.13438351,0.0,0.130621345
813,0.1336982,0.3259789,0.056446725,0.483876175
814,0.244372495,0.0,0.655296855,0.10033065
815,0.217758985,0.6233418,0.042838015,0.1160612
816,0.37898065,0.4185367,0.20248265,0.0
817,0.0,0.51301528,0.47671576,0.01026896
818,0.709518465,0.0,0.17918967,0.111291865
819,0.38512083,0.0,0.32466098,0.29021819
820,0.059539725,0.08480989,0.440460275,0.41519011
821,0.42552519,0.1648072,0.197527245,0.212140365
822,0.56662241,0.19570721,0.04751451,0.19015587
823,0.302099365,0.0,0.26548075,0.432419885
824,0.54812977,0.402372605,0.0,0.049497625
825,0.49830433,0.36572319,0.118179835,0.017792645
826,0.491568305,0.305534895,0.0,0.2028968
827,0.26662054,0.37299246,0.279510545,0.080876455
828,0.620008525,0.191776995,0.12932765,0.05888683
829,0.572793395,0.23623823,0.121307855,0.06966052
830,0.481866685,0.21132261,0.048499485,0.25831122
831,0.39944762,0.348173385,0.252378995,0.0
832,0.088400415,0.02722233,0.36723226,0.517144995
833,0.488798375,0.40396819,0.011201625,0.09603181
834,0.189305185,0.028317535,0.23432381,0.54805347
835,0.375621975,0.31008128,0.021572975,0.29272377
836,0.225938405,0.488146585,0.0,0.28591501
837,0.090349125,0.25161485,0.16843141,0.489604615
838,0.085851805,0.0,0.706417485,0.20773071
839,0.55913719,0.0,0.44086281,0.0
840,0.0,0.069588575,0.583637525,0.3467739
841,0.724955605,0.130709175,0.14433522,0.0
842,0.0087133,0.56708688,0.42419982,0.0
843,0.63046192,0.207537025,0.125003935,0.03699712
844,0.09077888,0.56888616,0.22528818,0.11504678
845,0.182908735,0.069623205,0.430376795,0.317091265
846,0.00789152,0.29953557,0.5,0.19257291
847,0.73471675,0.115421025,0.051276225,0.098586
848,0.44020754,0.37557631,0.007281875,0.176934275
849,0.341802315,0.298017205,0.21202932,0.14815116
850,0.391966065,0.047557615,0.27399806,0.28647826
851,0.21648867,0.449551015,0.191002175,0.14295814
852,0.09678007,0.0,0.76713589,0.13608404
853,0.131724285,0.05831828,0.40427388,0.405683555
854,0.235690095,0.415539485,0.284302775,0.064467645
855,0.01432513,0.239208195,0.664477095,0.08198958
856,0.245400385,0.566615475,0.06411211,0.12387203
857,0.27946281,0.0,0.35140032,0.36913687
858,0.24484607,0.0,0.632937,0.12221693
859,0.35046969,0.0,0.28447013,0.36506018
860,0.368860115,0.0,0.05523166,0.575908225
861,0.31756567,0.45477041,0.22766392,0.0
862,0.327811525,0.22406562,0.0,0.448122855
